2	7	17	40	46	50	45	15	5	2	1	0	0	0	0	0	0	0	0
1	21	44	41	45	21	9	3	1	0	0	0	0	0	0	0	0	0	0
0	28	60	95	97	70	39	7	2	1	0	0	0	0	0	0	0	0	0
2	15	36	76	63	65	56	21	7	5	0	0	0	0	0	0	0	0	0
2	17	26	49	59	35	18	4	1	0	0	0	0	0	0	0	0	0	0
0	6	15	27	35	36	45	38	15	10	2	2	0	0	0	0	0	0	0
2	14	22	60	49	45	20	9	3	0	0	0	0	0	0	0	0	0	0
0	8	19	14	47	44	21	9	2	1	1	0	0	0	0	0	0	0	0
1	6	8	13	13	9	6	3	0	2	0	0	0	0	0	0	0	0	0
1	18	24	41	22	9	3	0	0	0	0	0	0	0	0	0	0	0	0
4	11	34	52	73	51	21	8	2	1	0	0	0	0	0	0	0	0	0
3	21	39	60	43	27	9	2	2	0	0	0	0	0	0	0	0	0	0
1	10	18	43	41	22	6	2	0	0	0	0	0	0	0	0	0	0	0
1	23	44	71	80	56	18	9	5	0	0	0	0	0	0	0	0	0	0
1	9	28	32	29	11	11	9	2	0	1	0	0	0	0	0	0	0	0
0	11	29	33	27	30	19	6	3	1	0	0	0	0	0	0	0	0	0
1	25	39	81	61	46	29	8	4	0	0	0	0	0	0	0	0	0	0
0	5	20	36	31	28	16	6	3	0	0	0	0	0	0	0	0	0	0
1	14	30	32	25	18	8	1	0	0	0	0	0	0	0	0	0	0	0
0	18	28	40	38	19	4	3	0	0	0	0	0	0	0	0	0	0	0
4	90	168	248	285	228	95	32	10	0	0	0	0	0	0	0	0	0	0
2	8	16	45	58	69	62	21	8	2	0	0	0	0	0	0	0	0	0
2	11	21	33	23	37	33	10	5	0	0	0	0	0	0	0	0	0	0
5	34	51	131	126	114	40	8	2	1	0	0	0	0	0	0	0	0	0
1	7	17	39	47	61	22	10	0	0	1	0	0	0	0	0	0	0	0
0	3	17	26	31	57	22	15	2	0	0	0	0	0	0	0	0	0	0
1	5	26	28	41	19	15	15	11	6	4	0	0	0	0	0	0	0	0
1	10	26	56	56	77	26	22	3	0	0	0	0	0	0	0	0	0	0
1	9	16	29	27	27	12	2	0	0	0	0	0	0	0	0	0	0	0
1	3	15	34	42	64	57	36	10	6	1	0	0	0	0	0	0	0	0
1	8	19	39	41	64	30	9	7	0	0	0	0	0	0	0	0	0	0
3	33	98	139	180	128	81	28	6	1	0	0	0	0	0	0	0	0	0
1	33	55	92	116	107	51	14	3	1	0	0	0	0	0	0	0	0	0
1	27	69	122	132	107	46	9	4	0	0	0	0	0	0	0	0	0	0
1	9	19	19	24	24	4	0	0	0	0	0	0	0	0	0	0	0	0
0	46	86	133	159	103	69	25	6	2	0	0	0	0	0	0	0	0	0
0	8	17	44	33	45	24	8	2	4	0	0	0	0	0	0	0	0	0
1	12	21	46	46	34	34	12	2	1	0	0	0	0	0	0	0	0	0
1	15	42	54	63	56	27	13	9	3	0	0	0	0	0	0	0	0	0
0	10	27	26	26	22	13	2	0	0	0	0	0	0	0	0	0	0	0
1	9	21	31	58	60	41	7	5	1	0	0	0	0	0	0	0	0	0
2	12	19	49	56	34	20	3	2	0	1	0	0	0	0	0	0	0	0
0	12	34	47	80	56	24	10	0	0	0	0	0	0	0	0	0	0	0
1	10	42	66	54	48	21	5	0	0	0	0	0	0	0	0	0	0	0
1	14	28	67	70	30	7	3	0	0	0	0	0	0	0	0	0	0	0
0	19	48	68	71	70	31	6	2	0	0	0	0	0	0	0	0	0	0
3	16	49	100	101	53	28	3	1	0	0	0	0	0	0	0	0	0	0
0	4	21	45	54	79	61	40	16	5	0	1	0	0	0	0	0	0	0
2	42	80	109	84	50	26	6	4	2	0	0	0	0	0	0	0	0	0
0	10	10	17	16	7	6	1	0	0	0	0	0	0	0	0	0	0	0
2	44	67	107	129	98	56	20	10	1	0	0	0	0	0	0	0	0	0
0	18	33	38	41	38	17	3	1	0	0	0	0	0	0	0	0	0	0
1	6	14	29	30	30	14	6	3	0	0	0	0	0	0	0	0	0	0
1	33	59	95	79	62	26	5	1	0	0	0	0	0	0	0	0	0	0
0	8	22	17	18	10	5	1	1	0	0	0	0	0	0	0	0	0	0
2	1	4	22	22	27	13	5	1	0	0	0	0	0	0	0	0	0	0
0	18	48	73	85	69	35	9	2	1	0	0	0	0	0	0	0	0	0
2	10	4	29	26	32	16	6	0	0	0	0	0	0	0	0	0	0	0
2	10	19	28	26	10	5	2	0	0	0	0	0	0	0	0	0	0	0
1	26	55	114	116	76	40	17	0	0	0	0	0	0	0	0	0	0	0
1	10	12	38	40	70	56	26	11	3	0	0	0	0	0	0	0	0	0
0	1	3	12	35	25	25	8	1	4	0	0	0	0	0	0	0	0	0
1	52	57	79	62	43	24	6	2	1	0	0	0	0	0	0	0	0	0
1	4	7	27	16	15	2	0	0	0	0	0	0	0	0	0	0	0	0
0	3	11	24	26	15	12	9	1	0	0	0	0	0	0	0	0	0	0
1	39	78	129	113	68	39	8	1	0	0	0	0	0	0	0	0	0	0
1	8	5	42	48	90	59	23	5	2	0	0	0	0	0	0	0	0	0
2	10	25	39	37	28	21	7	3	0	0	0	0	0	0	0	0	0	0
1	2	9	19	30	64	60	22	14	6	0	0	0	0	0	0	0	0	0
0	7	12	27	47	54	40	19	9	1	0	0	0	0	0	0	0	0	0
2	41	103	194	206	159	81	14	6	1	0	0	0	0	0	0	0	0	0
1	13	53	75	85	72	42	21	6	1	1	0	0	0	0	0	0	0	0
1	5	12	11	11	18	6	3	0	0	0	0	0	0	0	0	0	0	0
3	19	39	59	47	39	18	3	1	0	0	0	0	0	0	0	0	0	0
0	20	24	33	49	31	23	9	2	1	0	0	0	0	0	0	0	0	0
2	34	54	62	67	67	34	10	5	1	0	0	0	0	0	0	0	0	0
2	27	55	75	77	51	31	5	3	1	0	0	0	0	0	0	0	0	0
2	5	11	16	16	7	6	1	1	0	0	0	0	0	0	0	0	0	0
1	10	26	55	59	75	44	21	4	1	0	0	0	0	0	0	0	0	0
4	17	18	26	24	9	8	1	0	0	0	0	0	0	0	0	0	0	0
1	14	24	42	92	101	69	31	12	5	2	1	0	0	0	0	0	0	0
3	33	45	65	64	63	21	11	3	0	0	0	0	0	0	0	0	0	0
1	10	24	51	57	55	19	4	2	0	1	0	0	0	0	0	0	0	0
3	19	37	48	73	46	25	6	2	0	0	0	0	0	0	0	0	0	0
1	16	36	47	41	43	6	1	0	0	0	0	0	0	0	0	0	0	0
0	16	37	68	62	55	20	5	3	0	0	0	0	0	0	0	0	0	0
1	2	9	18	28	23	20	15	2	1	0	0	0	0	0	0	0	0	0
2	7	19	36	54	51	36	9	3	2	0	0	0	0	0	0	0	0	0
0	7	4	12	9	19	17	6	0	1	0	1	0	0	0	0	0	0	0
0	48	69	122	143	100	53	14	3	1	0	0	0	0	0	0	0	0	0
0	8	6	5	14	45	40	21	9	1	1	0	0	0	0	0	0	0	0
1	8	25	39	34	38	15	10	1	1	0	0	0	0	0	0	0	0	0
0	9	15	29	27	26	10	3	4	1	0	0	0	0	0	0	0	0	0
0	8	16	25	31	45	43	38	18	2	0	1	0	0	0	0	0	0	0
2	22	46	77	70	51	22	5	0	1	0	0	0	0	0	0	0	0	0
1	30	64	100	122	104	36	20	7	0	0	0	0	0	0	0	0	0	0
0	21	48	97	84	77	32	8	4	1	0	0	0	0	0	0	0	0	0
1	15	21	27	33	25	15	4	0	2	0	0	0	0	0	0	0	0	0
1	10	23	54	24	16	10	0	0	0	0	0	0	0	0	0	0	0	0
1	0	5	8	19	23	10	0	1	0	0	0	0	0	0	0	0	0	0
0	8	13	16	10	8	5	0	0	0	0	0	0	0	0	0	0	0	0
0	9	23	36	32	39	15	3	2	0	0	0	0	0	0	0	0	0	0
1	10	41	47	69	79	42	14	5	1	0	0	0	0	0	0	0	0	0
0	3	16	49	57	73	38	7	1	1	0	0	0	0	0	0	0	0	0
3	29	47	80	78	71	25	8	3	0	0	0	0	0	0	0	0	0	0
12	198	445	938	1068	868	439	139	39	5	1	0	0	0	0	0	0	0	0
1	6	15	32	21	11	9	3	0	0	0	0	0	0	0	0	0	0	0
2	14	24	39	47	27	4	2	1	0	0	0	0	0	0	0	0	0	0
0	26	58	99	99	115	59	27	12	4	0	0	0	0	0	0	0	0	0
0	11	16	29	24	7	13	3	3	0	0	0	0	0	0	0	0	0	0
2	14	16	26	34	22	14	3	0	0	0	0	0	0	0	0	0	0	0
1	20	31	39	54	22	6	2	0	0	0	0	0	0	0	0	0	0	0
2	7	16	23	23	23	16	3	1	0	0	0	0	0	0	0	0	0	0
0	5	4	25	20	20	6	1	2	0	0	0	0	0	0	0	0	0	0
1	8	19	37	43	75	42	29	8	7	1	1	0	0	0	0	0	0	0
2	13	22	36	44	43	39	20	11	3	0	1	0	0	0	0	0	0	0
0	0	6	9	5	6	5	5	0	0	0	0	0	0	0	0	0	0	0
1	28	42	68	84	71	13	9	0	0	0	0	0	0	0	0	0	0	0
1	17	32	53	38	45	24	9	3	0	0	0	0	0	0	0	0	0	0
2	17	45	72	110	102	78	31	9	2	0	0	0	0	0	0	0	0	0
0	18	42	59	79	65	34	13	2	1	1	0	0	0	0	0	0	0	0
0	9	24	28	17	12	5	1	2	0	0	0	0	0	0	0	0	0	0
0	7	15	34	43	40	16	8	4	1	0	0	0	0	0	0	0	0	0
1	17	45	71	62	73	27	11	5	2	2	0	0	0	0	0	0	0	0
1	31	48	70	73	58	24	9	7	0	1	0	0	0	0	0	0	0	0
1	1	4	25	7	10	20	21	0	0	0	0	0	0	0	0	0	0	0
0	16	60	90	110	77	37	14	1	0	0	0	0	0	0	0	0	0	0
1	9	28	29	27	21	4	2	0	0	0	0	0	0	0	0	0	0	0
2	14	17	41	50	72	42	33	27	3	8	3	2	1	0	0	0	0	0
0	1	10	25	32	18	12	8	2	1	0	0	0	0	0	0	0	0	0
1	9	44	76	90	123	78	37	21	2	0	0	0	0	0	0	0	0	0
0	0	4	7	17	16	15	8	12	3	0	0	0	0	0	0	0	0	0
1	12	29	61	60	90	73	48	14	7	1	1	0	0	0	0	0	0	0
1	15	29	74	64	69	32	12	4	0	2	0	0	0	0	0	0	0	0
2	39	106	165	161	115	52	17	3	0	0	0	0	0	0	0	0	0	0
1	14	24	48	50	44	17	4	0	0	0	0	0	0	0	0	0	0	0
3	14	27	40	51	29	11	4	0	0	0	0	0	0	0	0	0	0	0
0	11	29	36	58	45	5	2	0	0	0	0	0	0	0	0	0	0	0
2	27	73	114	104	69	38	5	1	0	0	0	0	0	0	0	0	0	0
1	6	20	43	81	109	54	19	6	2	0	0	0	0	0	0	0	0	0
2	10	30	62	100	169	108	77	31	12	8	1	1	0	0	0	0	0	0
0	12	43	95	117	145	83	41	13	1	0	0	0	0	0	0	0	0	0
1	25	38	90	83	66	37	13	5	1	0	0	0	0	0	0	0	0	0
0	34	92	146	148	107	52	10	0	0	0	0	0	0	0	0	0	0	0
0	30	36	30	30	27	8	4	2	0	0	0	0	0	0	0	0	0	0
1	10	12	37	50	67	60	40	14	5	1	1	0	0	0	0	0	0	0
1	8	18	38	55	85	55	23	9	1	0	0	0	0	0	0	0	0	0
3	7	16	43	64	87	69	31	12	2	0	0	0	0	0	0	0	0	0
0	26	57	85	76	70	33	13	2	0	0	0	0	0	0	0	0	0	0
0	27	47	61	83	57	13	0	1	0	0	0	0	0	0	0	0	0	0
2	9	10	25	33	55	47	19	12	5	4	0	0	0	0	0	0	0	0
1	18	21	20	21	8	1	1	0	0	0	0	0	0	0	0	0	0	0
2	21	64	84	87	54	22	9	3	0	0	0	0	0	0	0	0	0	0
1	3	14	17	20	16	1	1	0	0	0	0	0	0	0	0	0	0	0
2	7	27	37	55	43	13	3	1	0	0	0	0	0	0	0	0	0	0
0	3	2	14	17	23	13	13	4	0	0	0	0	0	0	0	0	0	0
4	46	93	152	184	157	63	18	8	0	0	0	0	0	0	0	0	0	0
1	15	31	57	97	114	58	27	11	2	0	0	0	0	0	0	0	0	0
2	9	45	40	44	35	9	1	0	0	0	0	0	0	0	0	0	0	0
1	27	27	73	101	122	116	62	20	3	1	0	0	0	0	0	0	0	0
0	5	13	38	33	40	26	10	4	2	2	0	0	0	0	0	0	0	0
1	15	33	57	52	37	31	8	1	1	0	0	0	0	0	0	0	0	0
2	29	77	106	136	117	61	20	10	2	0	0	0	0	0	0	0	0	0
0	18	18	42	34	40	8	1	0	0	0	0	0	0	0	0	0	0	0
2	24	38	72	119	131	113	54	14	2	0	0	0	0	0	0	0	0	0
1	30	84	106	133	124	42	14	0	0	0	0	0	0	0	0	0	0	0
0	25	49	75	71	66	14	8	2	0	0	0	0	0	0	0	0	0	0
1	34	60	92	82	54	21	8	2	0	0	0	0	0	0	0	0	0	0
1	5	6	22	23	18	4	5	0	0	0	0	0	0	0	0	0	0	0
0	2	2	10	22	44	56	46	47	28	25	9	5	3	3	0	0	0	0
0	54	88	134	143	153	87	54	34	15	9	3	1	0	0	0	0	0	0
2	17	35	59	93	63	37	8	3	0	0	0	0	0	0	0	0	0	0
2	40	80	113	107	73	27	8	2	0	0	0	0	0	0	0	0	0	0
5	42	89	81	76	45	14	1	0	0	0	0	0	0	0	0	0	0	0
1	17	47	72	71	62	28	15	5	1	0	0	0	0	0	0	0	0	0
0	1	7	22	26	20	19	12	2	0	0	0	0	0	0	0	0	0	0
3	42	81	115	130	102	53	23	8	2	1	0	0	0	0	0	0	0	0
0	6	22	39	53	61	61	29	18	5	2	0	0	0	0	0	0	0	0
0	8	46	91	121	143	98	41	7	6	0	0	0	0	0	0	0	0	0
0	19	24	40	63	85	50	20	11	1	0	0	0	0	0	0	0	0	0
1	24	54	71	64	83	30	15	5	2	0	0	0	0	0	0	0	0	0
0	43	90	157	157	122	54	9	3	1	0	0	0	0	0	0	0	0	0
0	12	29	53	72	91	46	11	9	1	0	0	0	0	0	0	0	0	0
0	7	12	32	26	50	17	5	4	3	1	0	0	0	0	0	0	0	0
1	2	22	45	91	86	56	21	10	2	0	0	0	0	0	0	0	0	0
0	7	58	97	110	72	35	12	2	0	1	0	0	0	0	0	0	0	0
1	18	39	64	53	38	19	3	0	2	0	0	0	0	0	0	0	0	0
0	20	38	67	79	64	30	11	5	1	0	0	0	0	0	0	0	0	0
1	7	19	24	48	50	26	5	2	0	0	0	0	0	0	0	0	0	0
1	5	23	37	23	8	5	5	0	0	0	0	0	0	0	0	0	0	0
1	18	44	78	86	60	33	19	4	0	0	0	0	0	0	0	0	0	0
0	16	50	60	77	63	33	11	2	0	0	0	0	0	0	0	0	0	0
1	7	17	10	25	25	13	12	2	0	0	0	0	0	0	0	0	0	0
0	31	48	84	83	45	17	6	2	0	0	0	0	0	0	0	0	0	0
0	19	49	63	80	59	25	9	2	0	0	0	0	0	0	0	0	0	0
1	50	78	107	118	81	53	10	2	0	0	0	0	0	0	0	0	0	0
1	4	10	35	44	34	17	7	2	0	0	0	0	0	0	0	0	0	0
1	17	40	50	80	71	22	7	2	0	1	0	0	0	0	0	0	0	0
3	9	20	59	95	133	57	34	9	2	2	0	0	0	0	0	0	0	0
2	12	31	35	33	19	6	6	0	0	0	0	0	0	0	0	0	0	0
0	7	11	31	42	69	37	22	9	5	3	0	0	0	0	0	0	0	0
0	10	31	45	72	69	47	22	8	1	0	0	0	0	0	0	0	0	0
1	19	44	61	49	41	17	9	1	0	0	0	0	0	0	0	0	0	0
2	11	22	35	44	32	10	1	0	0	0	0	0	0	0	0	0	0	0
1	8	23	68	87	131	70	22	9	2	0	0	0	0	0	0	0	0	0
2	19	29	36	24	15	6	4	1	0	0	0	0	0	0	0	0	0	0
1	8	13	26	38	84	40	16	12	2	0	0	0	0	0	0	0	0	0
0	20	26	29	26	27	8	1	0	0	0	0	0	0	0	0	0	0	0
1	19	44	76	82	47	25	8	3	0	1	0	0	0	0	0	0	0	0
1	3	32	59	57	51	25	8	3	1	2	0	0	0	0	0	0	0	0
2	15	39	53	45	32	17	1	1	0	0	0	0	0	0	0	0	0	0
0	20	38	54	42	29	11	1	1	0	0	0	0	0	0	0	0	0	0
2	10	27	53	54	52	20	11	1	1	0	0	0	0	0	0	0	0	0
1	30	55	81	79	40	18	4	3	0	0	0	0	0	0	0	0	0	0
0	5	27	46	39	34	10	1	0	0	0	0	0	0	0	0	0	0	0
1	8	9	16	16	10	6	2	0	0	0	0	0	0	0	0	0	0	0
1	8	9	17	13	10	3	0	0	0	0	0	0	0	0	0	0	0	0
2	14	12	38	29	21	4	4	1	0	0	0	0	0	0	0	0	0	0
1	1	3	8	13	23	37	29	30	26	11	6	1	1	0	0	0	0	0
1	12	20	42	55	54	19	7	2	0	1	0	0	0	0	0	0	0	0
0	23	31	60	49	52	24	3	0	0	0	0	0	0	0	0	0	0	0
0	12	25	26	26	18	1	0	0	0	0	0	0	0	0	0	0	0	0
1	6	16	16	26	12	6	4	1	0	0	0	0	0	0	0	0	0	0
2	6	15	18	27	54	16	6	2	0	0	0	0	0	0	0	0	0	0
1	12	39	62	83	54	44	15	5	1	0	0	0	0	0	0	0	0	0
0	13	35	63	71	60	22	9	2	2	0	0	0	0	0	0	0	0	0
0	5	8	8	34	55	30	16	0	1	0	0	0	0	0	0	0	0	0
0	7	23	39	53	61	50	14	8	7	0	0	0	0	0	0	0	0	0
1	10	20	40	78	106	105	62	48	36	15	8	3	2	4	0	0	0	0
0	8	19	41	69	93	97	47	18	11	3	0	0	0	0	0	0	0	0
0	1	2	5	12	14	7	5	0	0	1	0	0	0	0	0	0	0	0
0	8	10	18	23	42	36	36	48	23	14	10	12	4	1	0	0	0	0
1	15	40	63	62	42	13	2	0	0	0	0	0	0	0	0	0	0	0
1	22	47	67	74	59	30	14	4	2	0	0	0	0	0	0	0	0	0
0	11	21	22	20	20	6	0	1	0	0	0	0	0	0	0	0	0	0
0	7	5	13	16	15	9	2	2	1	0	0	0	0	0	0	0	0	0
0	28	52	85	117	168	83	28	18	4	2	0	0	0	0	0	0	0	0
3	31	74	114	120	95	34	12	1	0	0	0	0	0	0	0	0	0	0
2	28	43	58	58	50	17	7	0	0	0	0	0	0	0	0	0	0	0
0	16	41	71	89	64	42	17	17	8	5	0	2	1	0	0	0	0	0
0	7	12	28	22	15	8	4	2	1	0	0	0	0	0	0	0	0	0
1	23	64	108	131	139	88	41	16	3	2	0	0	0	0	0	0	0	0
0	16	49	89	95	69	31	9	3	0	0	0	0	0	0	0	0	0	0
1	15	31	72	60	71	46	18	6	1	0	0	0	0	0	0	0	0	0
0	35	53	105	116	96	43	10	0	0	0	0	0	0	0	0	0	0	0
0	12	37	94	108	66	14	6	3	0	0	0	0	0	0	0	0	0	0
0	9	29	60	74	121	53	22	10	2	0	1	0	0	0	0	0	0	0
0	5	11	14	28	74	51	29	10	5	1	0	1	0	0	0	0	0	0
0	4	17	35	50	75	27	9	5	1	1	0	0	0	0	0	0	0	0
2	21	35	72	47	39	9	2	1	0	0	0	0	0	0	0	0	0	0
0	11	31	57	55	42	14	5	2	0	0	0	0	0	0	0	0	0	0
0	4	18	45	52	60	61	29	17	6	4	0	0	0	0	0	0	0	0
0	22	52	97	126	97	56	36	21	8	1	0	0	0	0	0	0	0	0
2	24	52	86	115	139	86	40	19	0	2	0	0	0	0	0	0	0	0
1	32	60	61	68	54	24	13	1	3	0	0	0	0	0	0	0	0	0
1	38	69	114	155	133	54	15	3	0	0	0	0	0	0	0	0	0	0
2	10	22	76	84	104	73	36	11	2	0	0	0	0	0	0	0	0	0
2	9	20	37	23	24	14	5	1	0	0	0	0	0	0	0	0	0	0
0	7	29	54	39	25	10	3	0	0	0	0	0	0	0	0	0	0	0
2	6	22	57	100	121	82	23	9	4	1	0	0	0	0	0	0	0	0
2	9	21	43	55	99	69	55	34	7	7	2	2	0	0	0	0	0	0
1	1	1	16	16	31	19	5	3	1	0	0	0	0	0	0	0	0	0
2	36	46	91	103	76	51	17	6	1	0	0	0	0	0	0	0	0	0
1	6	24	39	49	28	6	2	0	0	0	0	0	0	0	0	0	0	0
1	18	33	57	53	38	13	3	2	0	0	0	0	0	0	0	0	0	0
1	0	3	5	3	6	5	5	2	0	0	0	0	0	0	0	0	0	0
2	12	18	20	10	16	5	0	1	1	0	0	0	0	0	0	0	0	0
0	28	47	75	71	60	31	5	3	0	0	0	0	0	0	0	0	0	0
2	19	53	97	116	86	21	5	2	0	0	0	0	0	0	0	0	0	0
0	14	36	86	129	116	52	15	7	1	0	0	0	0	0	0	0	0	0
2	42	78	125	124	116	35	19	1	1	0	0	0	0	0	0	0	0	0
1	33	67	124	175	131	59	22	6	0	0	0	0	0	0	0	0	0	0
1	7	28	31	31	31	20	10	1	1	1	0	0	0	0	0	0	0	0
0	23	43	79	89	51	27	14	0	2	1	0	0	0	0	0	0	0	0
1	23	68	125	134	82	43	15	6	1	0	0	0	0	0	0	0	0	0
1	27	72	118	118	66	30	11	3	1	0	0	0	0	0	0	0	0	0
1	3	13	22	16	30	6	3	0	0	0	0	0	0	0	0	0	0	0
0	11	12	33	30	31	13	2	1	0	0	0	0	0	0	0	0	0	0
1	3	9	20	25	23	19	18	9	3	1	0	0	0	0	0	0	0	0
1	7	20	31	25	40	13	10	1	0	0	0	0	0	0	0	0	0	0
1	42	69	120	107	67	20	11	3	0	0	0	0	0	0	0	0	0	0
0	2	3	16	23	25	20	6	4	0	0	0	0	0	0	0	0	0	0
2	19	32	66	76	57	38	17	6	3	0	0	0	0	0	0	0	0	0
0	3	12	21	37	37	25	12	1	0	1	0	0	0	0	0	0	0	0
0	13	25	27	19	20	12	1	0	0	0	0	0	0	0	0	0	0	0
2	25	41	88	61	74	28	20	6	2	0	0	0	0	0	0	0	0	0
0	19	51	59	88	85	40	18	4	0	1	0	0	0	0	0	0	0	0
1	49	72	127	126	97	45	11	1	3	1	0	0	0	0	0	0	0	0
0	25	65	79	76	59	15	4	0	0	0	0	0	0	0	0	0	0	0
1	8	9	13	17	17	5	2	0	0	0	0	0	0	0	0	0	0	0
3	64	140	213	201	133	62	16	2	0	0	0	0	0	0	0	0	0	0
1	3	6	17	20	34	22	9	1	0	0	0	0	0	0	0	0	0	0
1	36	59	101	93	64	30	14	3	0	0	0	0	0	0	0	0	0	0
1	24	66	106	99	68	33	4	3	1	0	0	0	0	0	0	0	0	0
0	1	2	10	17	16	28	18	5	2	0	0	0	0	0	0	0	0	0
1	4	10	28	30	46	30	13	5	6	0	0	0	0	0	0	0	0	0
0	11	47	75	80	61	27	7	2	0	0	0	0	0	0	0	0	0	0
1	8	33	58	64	45	23	7	3	1	0	0	0	0	0	0	0	0	0
0	8	14	48	55	69	66	36	9	5	2	1	0	0	0	0	0	0	0
0	12	38	78	96	110	50	24	10	1	0	0	0	0	0	0	0	0	0
0	26	46	80	84	56	31	8	1	1	0	0	0	0	0	0	0	0	0
1	7	15	28	35	24	30	7	3	0	0	0	0	0	0	0	0	0	0
1	4	12	21	17	13	5	4	1	0	0	0	0	0	0	0	0	0	0
0	11	19	24	35	18	11	3	0	2	1	0	0	0	0	0	0	0	0
0	9	16	30	25	18	8	4	1	0	0	0	0	0	0	0	0	0	0
0	23	58	106	108	104	63	35	33	14	13	7	3	1	2	0	0	0	0
1	15	31	44	54	38	11	6	1	0	0	0	0	0	0	0	0	0	0
4	39	84	99	151	98	45	8	2	0	0	0	0	0	0	0	0	0	0
1	10	8	23	20	10	7	1	0	0	0	0	0	0	0	0	0	0	0
2	3	9	17	32	32	29	15	6	0	0	0	0	0	0	0	0	0	0
1	27	80	100	102	46	26	7	1	0	0	0	0	0	0	0	0	0	0
2	16	55	102	140	165	118	42	34	3	1	0	0	0	0	0	0	0	0
2	6	26	46	78	87	66	25	8	0	2	0	0	0	0	0	0	0	0
1	13	40	39	38	21	7	3	0	0	0	0	0	0	0	0	0	0	0
1	9	17	47	44	44	8	4	4	0	0	0	0	0	0	0	0	0	0
0	13	20	32	38	32	6	3	0	0	0	0	0	0	0	0	0	0	0
0	6	17	19	21	10	1	3	1	0	0	0	0	0	0	0	0	0	0
1	3	5	6	7	14	9	1	0	0	0	0	0	0	0	0	0	0	0
0	34	73	108	116	105	44	15	5	0	0	0	0	0	0	0	0	0	0
0	14	33	66	58	32	8	2	1	0	0	0	0	0	0	0	0	0	0
0	6	20	23	31	20	12	9	3	0	0	0	0	0	0	0	0	0	0
1	17	44	75	90	54	24	6	3	0	0	0	0	0	0	0	0	0	0
0	5	23	46	58	58	42	11	1	1	0	0	0	0	0	0	0	0	0
1	24	70	114	68	54	18	8	1	0	0	0	0	0	0	0	0	0	0
0	43	120	289	325	278	157	52	12	2	4	2	0	0	0	0	0	0	0
0	7	27	30	35	23	8	0	0	0	0	0	0	0	0	0	0	0	0
1	22	28	43	39	27	11	2	3	1	0	0	0	0	0	0	0	0	0
0	6	24	44	47	61	38	10	1	1	0	0	0	0	0	0	0	0	0
0	37	46	105	92	85	39	11	3	0	0	0	0	0	0	0	0	0	0
0	4	6	16	36	49	18	2	0	0	0	0	0	0	0	0	0	0	0
1	17	39	71	60	43	17	3	1	0	0	0	0	0	0	0	0	0	0
1	13	25	30	14	15	5	0	1	0	0	0	0	0	0	0	0	0	0
1	9	20	26	43	33	18	3	0	0	0	0	0	0	0	0	0	0	0
0	10	27	48	58	42	15	1	0	0	0	0	0	0	0	0	0	0	0
5	33	50	79	92	55	19	3	0	0	0	0	0	0	0	0	0	0	0
2	29	51	69	54	50	19	7	2	0	0	0	0	0	0	0	0	0	0
0	5	21	36	53	79	73	36	10	3	1	0	0	0	0	0	0	0	0
5	9	24	37	47	38	16	5	0	1	0	0	0	0	0	0	0	0	0
1	2	7	7	16	20	8	5	2	1	0	1	0	0	0	0	0	0	0
0	22	65	94	115	97	33	10	5	1	0	0	0	0	0	0	0	0	0
1	11	26	71	94	104	69	34	15	8	0	1	1	0	0	0	0	0	0
4	73	168	282	376	295	129	48	19	2	0	0	0	0	0	0	0	0	0
0	19	57	46	66	44	29	10	2	0	0	0	0	0	0	0	0	0	0
1	10	22	39	52	50	22	4	3	1	0	0	0	0	0	0	0	0	0
2	22	48	57	55	42	21	5	2	1	0	0	0	0	0	0	0	0	0
0	7	8	15	7	7	4	1	1	0	0	0	0	0	0	0	0	0	0
1	2	7	10	19	23	3	3	2	0	0	0	0	0	0	0	0	0	0
1	1	7	17	16	14	19	9	3	2	0	0	0	0	0	0	0	0	0
1	27	56	87	99	57	24	4	2	0	0	0	0	0	0	0	0	0	0
0	2	13	23	26	28	21	8	5	1	1	0	0	0	0	0	0	0	0
1	7	27	50	64	54	25	25	7	0	0	0	0	0	0	0	0	0	0
2	13	30	29	21	34	7	2	2	0	0	0	0	0	0	0	0	0	0
2	6	27	29	32	27	7	1	0	0	0	0	0	0	0	0	0	0	0
0	11	15	9	9	4	0	1	0	0	0	0	0	0	0	0	0	0	0
0	16	18	61	103	80	84	48	9	3	0	1	0	0	0	0	0	0	0
1	6	21	48	42	41	11	8	3	0	0	0	0	0	0	0	0	0	0
1	11	24	33	23	16	2	1	0	0	0	0	0	0	0	0	0	0	0
1	5	19	26	41	30	31	19	13	0	1	1	0	0	0	0	0	0	0
0	11	17	33	41	49	20	10	2	0	0	0	0	0	0	0	0	0	0
3	50	105	100	77	61	14	8	1	0	0	0	0	0	0	0	0	0	0
2	12	20	26	23	17	9	1	0	0	0	0	0	0	0	0	0	0	0
2	6	6	13	32	68	23	8	1	1	0	0	0	0	0	0	0	0	0
2	17	32	76	76	86	32	16	2	0	0	0	0	0	0	0	0	0	0
0	40	103	165	175	120	53	28	7	0	0	0	0	0	0	0	0	0	0
0	2	9	17	34	42	32	24	7	1	0	0	0	0	0	0	0	0	0
0	7	37	60	77	157	45	16	7	7	0	0	0	0	0	0	0	0	0
0	15	43	59	75	69	24	9	2	1	0	0	0	0	0	0	0	0	0
10	104	257	476	557	531	330	151	54	16	8	1	0	0	0	0	0	0	0
2	9	23	51	58	60	36	11	5	1	2	0	0	0	0	0	0	0	0
5	22	47	66	80	67	20	5	2	0	0	0	0	0	0	0	0	0	0
0	13	42	53	60	67	34	12	2	0	0	0	0	0	0	0	0	0	0
0	14	28	72	70	44	19	16	1	1	0	0	0	0	0	0	0	0	0
2	5	20	39	20	14	7	4	1	0	0	0	0	0	0	0	0	0	0
1	23	44	80	63	63	18	3	2	0	0	0	0	0	0	0	0	0	0
2	5	21	44	58	57	24	9	3	0	0	0	0	0	0	0	0	0	0
0	9	20	26	27	34	9	2	0	0	0	0	0	0	0	0	0	0	0
2	17	26	60	85	48	9	5	2	0	0	0	0	0	0	0	0	0	0
3	16	23	61	81	70	25	5	0	0	0	0	0	0	0	0	0	0	0
2	9	20	41	26	20	8	5	0	0	0	0	0	0	0	0	0	0	0
0	12	28	55	53	39	27	4	5	0	1	0	0	0	0	0	0	0	0
2	16	45	74	74	56	23	9	2	0	0	0	0	0	0	0	0	0	0
0	22	45	63	77	118	71	76	58	50	31	22	12	5	4	1	0	0	0
0	5	17	60	65	77	60	38	8	4	0	0	0	0	0	0	0	0	0
1	3	14	38	49	61	26	14	4	2	0	0	0	0	0	0	0	0	0
2	12	38	70	85	120	57	18	4	0	0	0	0	0	0	0	0	0	0
1	8	25	21	22	17	6	1	0	0	0	0	0	0	0	0	0	0	0
1	20	45	69	83	60	22	15	5	1	0	0	0	0	0	0	0	0	0
0	19	40	70	39	36	13	9	0	0	0	0	0	0	0	0	0	0	0
0	30	42	54	69	68	51	24	12	3	0	0	0	0	0	0	0	0	0
0	12	32	41	63	91	51	18	2	1	0	0	0	0	0	0	0	0	0
1	11	33	34	27	10	6	0	1	0	0	0	0	0	0	0	0	0	0
2	9	28	35	42	19	14	8	2	0	0	0	0	0	0	0	0	0	0
0	4	13	18	19	12	8	1	0	1	0	0	0	0	0	0	0	0	0
1	7	11	18	20	10	2	1	0	0	0	0	0	0	0	0	0	0	0
1	17	44	82	64	52	22	10	1	1	0	0	0	0	0	0	0	0	0
0	2	17	35	43	33	19	6	1	0	0	0	0	0	0	0	0	0	0
1	18	25	21	17	13	11	0	0	0	0	0	0	0	0	0	0	0	0
1	29	68	90	113	102	46	18	4	0	0	0	0	0	0	0	0	0	0
1	12	15	30	16	13	4	0	0	0	0	0	0	0	0	0	0	0	0
2	15	29	36	40	46	27	12	2	2	0	0	0	0	0	0	0	0	0
0	14	50	101	99	67	26	11	1	0	0	0	0	0	0	0	0	0	0
3	5	16	27	37	56	26	7	0	0	0	0	0	0	0	0	0	0	0
0	4	26	55	65	92	59	26	15	6	1	0	0	0	0	0	0	0	0
2	5	20	43	37	24	18	1	1	0	0	0	0	0	0	0	0	0	0
0	22	33	46	58	32	13	2	2	0	0	0	0	0	0	0	0	0	0
1	10	29	35	32	33	15	3	1	0	0	0	0	0	0	0	0	0	0
0	3	18	31	19	32	13	2	0	0	0	0	0	0	0	0	0	0	0
1	4	11	31	56	51	26	4	2	2	0	0	0	0	0	0	0	0	0
0	8	19	48	43	72	35	10	5	1	0	0	0	0	0	0	0	0	0
2	5	29	33	42	27	11	3	2	0	0	0	0	0	0	0	0	0	0
2	6	20	9	10	5	2	2	0	0	0	0	0	0	0	0	0	0	0
0	12	39	73	94	103	87	52	13	4	1	0	0	0	0	0	0	0	0
1	23	38	77	88	83	54	24	3	1	0	0	0	0	0	0	0	0	0
3	14	32	24	16	7	5	2	0	0	0	0	0	0	0	0	0	0	0
1	12	20	16	18	2	1	2	0	0	0	0	0	0	0	0	0	0	0
1	14	26	71	62	53	28	11	3	0	2	0	0	0	0	0	0	0	0
0	12	25	29	25	25	8	1	0	0	0	0	0	0	0	0	0	0	0
0	16	32	59	89	92	62	24	3	4	0	0	0	0	0	0	0	0	0
0	17	37	73	51	45	11	3	1	0	0	0	0	0	0	0	0	0	0
1	10	23	42	71	122	85	57	43	35	17	15	10	7	4	5	3	0	1
2	3	8	15	15	11	5	0	0	0	0	0	0	0	0	0	0	0	0
3	29	41	75	88	106	53	14	5	0	0	0	0	0	0	0	0	0	0
1	13	33	50	64	59	44	21	6	1	0	0	0	0	0	0	0	0	0
0	8	21	32	25	20	19	3	1	0	0	0	0	0	0	0	0	0	0
6	82	125	156	106	54	34	7	3	0	0	0	0	0	0	0	0	0	0
0	5	15	21	26	24	19	4	0	1	0	0	0	0	0	0	0	0	0
1	4	19	28	11	18	16	6	1	0	0	0	0	0	0	0	0	0	0
2	22	33	51	45	37	16	10	2	0	0	0	0	0	0	0	0	0	0
3	12	46	56	62	45	22	3	1	0	0	0	0	0	0	0	0	0	0
2	11	25	29	19	15	3	3	3	0	0	0	0	0	0	0	0	0	0
0	1	2	3	4	3	14	3	8	1	5	5	1	0	0	0	0	0	0
0	57	123	190	203	127	59	17	3	0	0	0	0	0	0	0	0	0	0
2	14	20	44	19	19	5	3	0	0	0	0	0	0	0	0	0	0	0
3	43	53	59	64	32	20	11	3	0	1	0	0	0	0	0	0	0	0
1	9	28	59	71	101	98	40	16	4	0	0	0	0	0	0	0	0	0
2	1	9	16	8	23	2	1	1	0	0	0	0	0	0	0	0	0	0
2	53	92	157	148	119	48	18	6	0	2	0	0	0	0	0	0	0	0
2	27	62	80	73	66	18	7	2	0	1	0	0	0	0	0	0	0	0
0	12	28	25	31	21	9	2	0	0	0	0	0	0	0	0	0	0	0
0	19	56	122	177	163	117	56	16	3	0	0	0	0	0	0	0	0	0
0	11	13	23	22	12	9	3	0	0	0	0	0	0	0	0	0	0	0
2	7	11	29	30	41	32	6	1	0	0	0	0	0	0	0	0	0	0
0	16	32	63	77	60	34	11	1	0	0	0	0	0	0	0	0	0	0
0	13	30	58	68	72	57	23	12	2	1	0	0	0	0	0	0	0	0
0	19	37	73	77	33	17	3	1	0	0	0	0	0	0	0	0	0	0
1	13	19	21	44	54	12	6	2	0	0	0	0	0	0	0	0	0	0
1	24	37	60	52	40	24	5	0	0	0	0	0	0	0	0	0	0	0
1	16	51	85	87	84	48	11	5	0	0	0	0	0	0	0	0	0	0
1	11	16	28	36	25	10	7	4	0	1	0	0	0	0	0	0	0	0
1	57	123	160	143	96	27	11	2	0	0	0	0	0	0	0	0	0	0
0	1	6	14	17	15	6	5	1	0	0	0	0	0	0	0	0	0	0
1	4	7	25	43	37	17	2	0	0	0	0	0	0	0	0	0	0	0
1	47	57	72	88	57	29	10	1	0	0	0	0	0	0	0	0	0	0
2	27	84	142	185	170	76	32	5	0	0	0	0	0	0	0	0	0	0
0	16	46	83	60	76	21	5	1	1	0	0	0	0	0	0	0	0	0
1	0	2	1	9	36	3	2	1	0	0	0	0	0	0	0	0	0	0
5	5	43	47	82	70	29	10	3	1	0	0	0	0	0	0	0	0	0
2	12	15	27	57	83	49	11	1	0	0	0	0	0	0	0	0	0	0
0	0	2	1	9	22	12	5	3	2	0	0	0	0	0	0	0	0	0
0	1	2	9	15	26	10	6	1	0	0	0	0	0	0	0	0	0	0
0	22	42	31	28	18	12	4	0	0	0	0	0	0	0	0	0	0	0
0	4	3	13	20	36	44	43	15	17	10	5	1	0	1	0	0	0	0
1	6	27	44	47	64	43	21	3	1	1	0	0	0	0	0	0	0	0
2	42	75	110	107	79	33	8	3	2	0	0	0	0	0	0	0	0	0
1	15	31	57	59	70	33	8	4	1	0	0	0	0	0	0	0	0	0
2	27	33	41	36	14	4	3	1	1	0	0	0	0	0	0	0	0	0
1	24	71	126	160	130	44	11	2	1	0	0	0	0	0	0	0	0	0
3	34	62	98	83	57	23	4	0	0	1	0	0	0	0	0	0	0	0
2	10	24	39	47	46	23	10	6	0	0	0	0	0	0	0	0	0	0
0	14	9	19	18	4	3	1	0	0	0	0	0	0	0	0	0	0	0
1	23	43	71	48	36	11	4	1	0	0	0	0	0	0	0	0	0	0
0	10	33	38	47	40	24	6	4	0	0	0	0	0	0	0	0	0	0
0	17	26	45	51	33	12	2	1	0	0	0	0	0	0	0	0	0	0
1	14	46	73	63	69	30	14	4	2	0	1	0	0	0	0	0	0	0
0	2	16	41	58	62	53	27	6	3	1	0	0	0	0	0	0	0	0
1	14	20	49	79	117	73	34	16	0	1	0	0	0	0	0	0	0	0
0	9	23	67	78	97	61	22	12	3	0	0	0	0	0	0	0	0	0
2	1	19	23	20	3	2	3	1	0	0	0	0	0	0	0	0	0	0
1	39	63	80	88	91	26	12	1	0	1	0	0	0	0	0	0	0	0
1	9	11	41	56	90	44	32	13	8	3	0	0	0	0	0	0	0	0
0	1	7	16	28	11	11	3	4	7	0	1	0	0	0	0	0	0	0
3	10	43	46	42	40	16	10	0	0	0	0	0	0	0	0	0	0	0
1	37	87	119	101	67	44	15	3	0	0	0	0	0	0	0	0	0	0
1	1	18	23	41	59	35	19	11	5	0	0	0	0	0	0	0	0	0
0	2	9	13	21	10	3	4	1	0	0	0	0	0	0	0	0	0	0
3	12	21	44	45	28	15	2	0	0	0	0	0	0	0	0	0	0	0
0	12	21	32	28	40	21	6	4	0	0	0	0	0	0	0	0	0	0
0	7	20	25	28	18	7	1	1	0	0	0	0	0	0	0	0	0	0
2	6	8	7	9	4	1	0	0	0	0	0	0	0	0	0	0	0	0
0	11	42	59	70	62	38	12	4	1	0	0	0	0	0	0	0	0	0
0	8	19	50	37	61	23	8	1	0	0	0	0	0	0	0	0	0	0
1	8	12	25	49	51	67	22	7	0	0	0	0	0	0	0	0	0	0
1	11	19	56	70	76	60	25	9	5	1	0	0	0	0	0	0	0	0
0	14	29	34	60	58	30	8	7	1	0	0	0	0	0	0	0	0	0
3	90	120	204	208	175	61	27	8	1	0	0	0	0	0	0	0	0	0
1	10	18	38	35	20	4	1	0	0	0	0	0	0	0	0	0	0	0
2	6	27	38	41	28	14	1	0	0	0	0	0	0	0	0	0	0	0
1	22	42	71	67	33	14	6	0	1	0	0	0	0	0	0	0	0	0
1	1	0	3	2	52	17	3	0	0	0	0	0	0	0	0	0	0	0
0	14	25	45	43	34	24	7	0	0	0	0	0	0	0	0	0	0	0
2	25	38	48	53	33	13	2	0	0	0	0	0	0	0	0	0	0	0
1	7	19	41	53	69	45	18	6	0	0	0	0	0	0	0	0	0	0
0	2	6	25	41	41	24	20	5	0	0	0	0	0	0	0	0	0	0
1	12	32	84	96	131	92	38	12	3	2	0	1	0	0	0	0	0	0
0	10	26	49	73	64	37	21	2	0	0	0	0	0	0	0	0	0	0
0	18	32	44	39	35	11	5	0	0	0	0	0	0	0	0	0	0	0
0	17	19	47	68	89	52	18	4	1	1	0	0	0	0	0	0	0	0
1	36	68	106	109	116	80	34	2	1	0	0	0	0	0	0	0	0	0
1	18	33	52	71	36	18	5	1	0	0	0	0	0	0	0	0	0	0
1	11	29	54	60	61	24	15	4	0	0	0	0	0	0	0	0	0	0
1	15	11	32	38	33	35	38	22	9	5	0	0	0	0	0	0	0	0
1	15	28	47	54	68	19	4	0	0	0	0	0	0	0	0	0	0	0
0	12	18	38	48	56	52	16	5	2	1	0	0	0	0	0	0	0	0
2	7	13	35	43	64	55	44	23	18	4	2	0	0	0	0	0	0	0
0	1	7	13	14	6	11	4	2	0	0	0	0	0	0	0	0	0	0
4	12	29	46	53	43	42	18	4	1	0	0	0	0	0	0	0	0	0
2	5	11	28	31	23	2	2	0	0	0	0	0	0	0	0	0	0	0
1	35	90	169	193	232	161	99	24	12	3	0	0	0	0	0	0	0	0
1	13	27	59	46	35	16	9	2	1	0	0	0	0	0	0	0	0	0
1	36	76	112	117	80	28	3	2	1	0	0	0	0	0	0	0	0	0
1	3	8	21	32	47	41	36	18	10	4	1	0	0	0	0	0	0	0
2	15	57	81	115	118	67	32	7	4	0	0	0	0	0	0	0	0	0
0	7	17	35	30	23	13	3	0	1	0	0	0	0	0	0	0	0	0
0	3	7	42	80	148	92	48	19	6	2	0	0	0	0	0	0	0	0
2	13	39	43	50	32	13	4	0	0	0	0	0	0	0	0	0	0	0
1	3	19	36	24	12	6	1	0	0	0	0	0	0	0	0	0	0	0
0	19	30	34	33	32	13	1	2	0	0	0	0	0	0	0	0	0	0
1	21	18	25	40	40	28	12	5	1	0	0	0	0	0	0	0	0	0
1	32	42	89	73	69	25	5	3	2	0	0	0	0	0	0	0	0	0
0	11	38	60	90	80	47	15	3	1	0	0	0	0	0	0	0	0	0
1	9	23	58	65	74	49	26	10	2	0	0	0	0	0	0	0	0	0
0	10	39	86	123	114	84	46	16	5	0	0	0	0	0	0	0	0	0
0	20	32	74	62	51	15	9	1	1	0	0	0	0	0	0	0	0	0
4	8	19	58	39	43	30	13	2	0	0	0	0	0	0	0	0	0	0
0	5	13	22	19	24	7	3	1	0	0	0	0	0	0	0	0	0	0
1	12	49	76	77	58	33	7	0	2	0	0	0	0	0	0	0	0	0
1	55	106	174	183	130	59	17	8	3	1	0	0	0	0	0	0	0	0
5	18	36	63	56	39	27	4	2	1	0	0	0	0	0	0	0	0	0
1	13	21	45	76	120	88	57	34	16	12	0	0	0	0	0	0	0	0
0	4	13	23	31	34	27	16	7	1	0	0	0	0	0	0	0	0	0
2	9	18	41	33	47	27	11	2	0	0	0	0	0	0	0	0	0	0
0	2	5	6	11	5	2	6	2	2	0	0	0	0	0	0	0	0	0
1	0	5	31	31	27	10	4	1	1	0	0	0	0	0	0	0	0	0
0	12	21	51	54	73	25	2	1	1	1	0	0	0	0	0	0	0	0
0	5	13	33	36	42	23	5	0	1	0	0	0	0	0	0	0	0	0
1	10	27	22	20	4	5	1	1	0	0	0	0	0	0	0	0	0	0
0	6	22	38	25	51	29	12	2	0	0	0	0	0	0	0	0	0	0
1	8	16	24	28	13	13	3	0	1	0	0	0	0	0	0	0	0	0
1	16	39	65	66	72	30	15	8	0	0	0	0	0	0	0	0	0	0
1	27	78	127	145	105	49	12	1	0	0	0	0	0	0	0	0	0	0
1	13	22	50	53	73	33	12	5	1	0	0	0	0	0	0	0	0	0
1	10	32	45	52	49	15	7	2	0	0	0	0	0	0	0	0	0	0
0	3	27	35	66	84	54	31	11	9	0	0	0	0	0	0	0	0	0
2	22	56	89	86	81	24	7	2	0	0	0	0	0	0	0	0	0	0
1	14	19	31	46	30	15	0	1	0	0	0	0	0	0	0	0	0	0
2	20	38	47	34	38	18	1	0	0	0	0	0	0	0	0	0	0	0
3	20	21	46	45	21	12	3	1	0	0	0	0	0	0	0	0	0	0
1	5	16	32	39	42	11	5	1	0	0	0	0	0	0	0	0	0	0
0	8	22	50	54	66	42	16	10	0	0	1	0	0	0	0	0	0	0
1	20	40	72	92	72	37	22	9	0	1	0	0	0	0	0	0	0	0
2	17	48	69	76	39	21	4	1	0	0	0	0	0	0	0	0	0	0
1	6	21	29	34	23	1	0	1	0	0	0	0	0	0	0	0	0	0
1	9	14	30	39	41	31	12	2	2	1	0	0	0	0	0	0	0	0
1	39	53	96	55	42	16	2	1	0	0	0	0	0	0	0	0	0	0
1	4	7	6	16	12	7	3	1	0	0	0	0	0	0	0	0	0	0
0	9	32	57	76	91	42	13	10	5	0	0	0	0	0	0	0	0	0
2	9	46	68	59	64	20	5	1	0	0	0	0	0	0	0	0	0	0
1	12	31	61	70	85	48	14	4	1	0	0	0	0	0	0	0	0	0
0	24	78	119	121	83	32	11	3	0	0	0	0	0	0	0	0	0	0
1	25	34	60	48	39	5	1	0	0	0	0	0	0	0	0	0	0	0
0	13	16	38	20	16	2	1	0	0	0	0	0	0	0	0	0	0	0
1	10	59	73	81	71	28	15	6	0	1	0	0	0	0	0	0	0	0
1	11	18	20	28	31	7	2	2	1	0	0	0	0	0	0	0	0	0
0	6	20	41	69	74	37	24	4	2	0	0	0	0	0	0	0	0	0
0	3	17	49	36	29	7	2	0	0	0	0	0	0	0	0	0	0	0
2	18	36	37	49	36	13	3	0	0	0	0	0	0	0	0	0	0	0
0	3	9	32	21	11	7	5	2	0	1	0	0	0	0	0	0	0	0
2	13	31	34	44	50	22	9	3	1	0	0	0	0	0	0	0	0	0
0	7	12	33	53	53	41	15	2	1	0	0	0	0	0	0	0	0	0
0	18	44	61	66	50	26	5	2	0	0	0	0	0	0	0	0	0	0
1	14	41	54	41	32	18	9	3	0	0	0	0	0	0	0	0	0	0
4	26	47	78	55	38	25	6	3	0	0	0	0	0	0	0	0	0	0
2	14	44	78	90	70	26	12	8	0	0	0	0	0	0	0	0	0	0
0	23	63	115	127	103	45	13	3	0	0	0	0	0	0	0	0	0	0
1	5	14	37	45	50	28	11	5	0	1	0	0	0	0	0	0	0	0
2	21	45	50	47	43	17	10	1	0	0	0	0	0	0	0	0	0	0
3	24	74	147	151	116	48	13	4	0	0	0	0	0	0	0	0	0	0
1	10	9	18	10	8	2	0	0	0	0	0	0	0	0	0	0	0	0
4	22	49	108	105	94	51	18	5	0	0	0	0	0	0	0	0	0	0
1	10	37	74	68	71	28	5	4	0	0	0	0	0	0	0	0	0	0
0	6	4	24	21	20	9	3	0	0	0	0	0	0	0	0	0	0	0
1	8	20	30	48	55	29	5	5	2	1	0	0	0	0	0	0	0	0
0	15	46	63	71	59	34	13	1	0	0	0	0	0	0	0	0	0	0
3	47	124	183	164	92	47	13	4	2	0	0	0	0	0	0	0	0	0
2	24	37	53	54	39	18	3	1	0	0	0	0	0	0	0	0	0	0
0	19	46	99	121	124	80	50	22	7	1	2	0	0	0	0	0	0	0
2	20	33	41	36	30	17	2	2	0	0	0	0	0	0	0	0	0	0
1	7	10	17	17	28	19	10	3	0	0	0	0	0	0	0	0	0	0
0	4	5	18	19	25	25	4	3	0	0	0	0	0	0	0	0	0	0
1	4	17	34	24	37	13	7	1	0	0	0	0	0	0	0	0	0	0
0	8	31	60	83	96	67	34	6	3	1	0	0	0	0	0	0	0	0
0	3	13	29	34	47	19	10	2	0	0	0	0	0	0	0	0	0	0
0	3	14	36	33	39	18	4	1	0	0	0	0	0	0	0	0	0	0
1	35	77	100	124	108	32	6	2	0	0	0	0	0	0	0	0	0	0
0	2	4	7	14	16	18	5	4	2	0	1	0	0	0	0	0	0	0
0	12	28	57	42	94	40	13	1	0	1	0	0	0	0	0	0	0	0
0	13	33	72	82	55	25	14	5	0	1	0	0	0	0	0	0	0	0
2	23	32	46	63	50	40	18	7	1	0	0	0	0	0	0	0	0	0
0	9	24	34	24	29	6	1	0	0	0	0	0	0	0	0	0	0	0
1	24	53	80	84	44	24	4	0	1	0	0	0	0	0	0	0	0	0
1	17	32	57	54	43	26	7	1	1	0	0	0	0	0	0	0	0	0
0	11	22	49	62	99	78	14	6	0	0	0	0	0	0	0	0	0	0
1	21	15	37	51	64	31	12	6	2	0	0	0	0	0	0	0	0	0
1	24	56	67	67	44	13	5	1	0	0	0	0	0	0	0	0	0	0
0	25	43	69	77	64	30	3	2	0	0	0	0	0	0	0	0	0	0
1	6	24	43	56	35	30	10	1	0	0	0	0	0	0	0	0	0	0
1	2	5	18	15	19	13	5	0	0	0	0	0	0	0	0	0	0	0
2	62	88	130	119	90	51	23	9	1	1	0	0	0	0	0	0	0	0
2	15	53	80	98	75	19	3	0	0	0	0	0	0	0	0	0	0	0
1	7	32	47	70	63	22	5	1	0	0	0	0	0	0	0	0	0	0
1	15	18	28	30	30	18	3	1	0	0	0	0	0	0	0	0	0	0
1	41	80	117	104	61	31	12	2	1	0	0	0	0	0	0	0	0	0
0	3	17	18	22	31	21	12	2	1	0	0	0	0	0	0	0	0	0
0	14	44	46	88	90	60	20	7	2	1	0	0	0	0	0	0	0	0
2	10	17	27	23	16	6	3	0	0	0	0	0	0	0	0	0	0	0
1	24	44	88	100	84	40	14	1	2	0	0	0	0	0	0	0	0	0
1	14	45	71	50	17	9	3	1	1	0	0	0	0	0	0	0	0	0
1	7	18	54	88	109	99	69	28	17	5	3	1	0	0	0	0	0	0
1	16	55	107	125	89	36	14	5	1	0	0	0	0	0	0	0	0	0
3	12	28	55	87	50	33	4	1	0	0	0	0	0	0	0	0	0	0
0	4	10	21	11	7	3	2	0	0	0	0	0	0	0	0	0	0	0
1	11	20	52	69	68	50	21	14	6	0	0	0	0	0	0	0	0	0
1	34	61	126	132	110	56	15	4	1	0	0	0	0	0	0	0	0	0
1	9	20	28	57	56	30	6	2	0	0	0	0	0	0	0	0	0	0
2	29	68	93	115	94	50	16	5	0	0	0	0	0	0	0	0	0	0
1	43	56	97	92	51	24	7	1	0	0	0	0	0	0	0	0	0	0
1	8	8	11	10	18	7	2	0	1	0	0	0	0	0	0	0	0	0
1	0	8	27	36	43	32	12	2	0	1	0	0	0	0	0	0	0	0
0	21	43	71	80	74	20	6	1	0	0	0	0	0	0	0	0	0	0
0	25	54	95	103	81	58	26	12	10	1	2	0	0	0	0	0	0	0
0	16	39	63	61	30	20	9	2	0	0	0	0	0	0	0	0	0	0
0	3	3	20	9	7	3	0	1	0	0	0	0	0	0	0	0	0	0
0	2	14	29	42	33	29	7	1	0	0	0	0	0	0	0	0	0	0
0	5	7	15	27	25	32	8	6	1	0	0	0	0	0	0	0	0	0
6	55	205	364	430	366	195	58	19	3	3	0	0	0	0	0	0	0	0
1	45	63	101	117	92	40	13	3	0	0	0	0	0	0	0	0	0	0
1	1	11	26	34	56	29	7	3	1	0	0	0	0	0	0	0	0	0
2	14	29	49	55	56	19	12	3	1	0	0	0	0	0	0	0	0	0
4	29	73	116	117	85	28	7	4	0	0	0	0	0	0	0	0	0	0
0	13	37	69	114	124	97	37	8	4	0	0	0	0	0	0	0	0	0
0	13	37	41	38	22	7	0	0	0	0	0	0	0	0	0	0	0	0
0	16	39	65	55	40	25	9	3	0	0	0	0	0	0	0	0	0	0
1	25	29	46	67	47	47	12	6	0	0	0	0	0	0	0	0	0	0
1	10	19	41	46	57	22	16	2	2	0	0	0	0	0	0	0	0	0
1	2	2	10	17	18	12	13	6	2	4	0	0	0	0	0	0	0	0
2	27	43	73	79	52	27	10	1	0	0	0	0	0	0	0	0	0	0
1	18	48	72	73	93	41	12	5	1	0	0	0	0	0	0	0	0	0
1	43	93	154	197	129	75	20	7	1	1	0	0	0	0	0	0	0	0
2	18	38	45	31	19	15	5	0	0	0	0	0	0	0	0	0	0	0
2	15	15	29	17	13	2	1	0	0	0	0	0	0	0	0	0	0	0
1	3	17	14	24	12	7	3	1	0	0	0	0	0	0	0	0	0	0
0	11	15	51	59	79	45	32	14	3	1	0	0	0	0	0	0	0	0
2	9	20	19	24	11	4	2	0	0	0	0	0	0	0	0	0	0	0
0	4	10	21	10	13	12	18	0	0	0	0	0	0	0	0	0	0	0
1	3	22	40	35	18	13	6	1	0	0	0	0	0	0	0	0	0	0
2	13	45	59	63	24	8	3	0	0	0	0	0	0	0	0	0	0	0
0	19	34	41	26	13	6	1	0	0	0	0	0	0	0	0	0	0	0
1	16	33	48	33	28	11	0	2	1	0	0	0	0	0	0	0	0	0
1	8	15	31	36	39	34	11	6	1	2	0	0	0	0	0	0	0	0
0	12	14	40	33	51	29	10	2	1	0	0	0	0	0	0	0	0	0
1	7	8	14	30	19	7	0	0	0	0	0	0	0	0	0	0	0	0
1	5	15	40	46	43	8	4	0	0	0	0	0	0	0	0	0	0	0
3	33	74	137	119	90	40	6	2	0	0	0	0	0	0	0	0	0	0
0	15	31	55	55	35	12	6	2	1	0	0	0	0	0	0	0	0	0
0	2	12	24	31	24	16	2	1	1	0	0	0	0	0	0	0	0	0
3	27	59	97	141	123	55	13	2	3	0	0	0	0	0	0	0	0	0
1	18	27	74	94	104	90	30	12	5	0	0	0	0	0	0	0	0	0
0	7	24	48	45	62	30	10	1	3	0	0	0	0	0	0	0	0	0
1	6	12	14	13	13	3	1	1	0	0	0	0	0	0	0	0	0	0
0	33	40	93	121	120	76	36	13	3	2	0	0	0	0	0	0	0	0
0	12	32	44	82	89	52	23	14	4	0	0	0	0	0	0	0	0	0
0	3	3	11	22	20	3	0	0	0	0	0	0	0	0	0	0	0	0
2	15	54	84	90	59	13	3	1	0	0	0	0	0	0	0	0	0	0
1	4	11	20	26	26	6	5	2	1	0	0	0	0	0	0	0	0	0
1	24	60	87	95	57	30	9	2	0	0	0	0	0	0	0	0	0	0
1	8	31	66	81	77	45	29	11	7	1	0	0	0	0	0	0	0	0
0	14	34	74	86	112	77	25	5	2	0	0	0	0	0	0	0	0	0
1	9	19	35	26	18	10	3	0	0	0	0	0	0	0	0	0	0	0
2	28	57	83	98	72	45	15	4	0	0	0	0	0	0	0	0	0	0
0	1	3	9	12	27	20	5	1	1	0	0	0	0	0	0	0	0	0
0	9	32	57	57	67	41	18	4	4	0	0	0	0	0	0	0	0	0
0	6	17	30	31	34	14	5	0	0	0	0	0	0	0	0	0	0	0
1	29	64	102	79	50	20	4	2	0	0	0	0	0	0	0	0	0	0
2	22	59	77	80	54	26	7	1	1	0	0	0	0	0	0	0	0	0
0	8	16	29	36	64	52	33	31	17	9	3	0	0	0	0	0	0	0
2	31	68	109	105	69	28	16	1	0	0	0	0	0	0	0	0	0	0
0	15	25	45	51	33	14	2	0	0	0	0	0	0	0	0	0	0	0
0	21	33	41	34	40	7	4	0	0	0	0	0	0	0	0	0	0	0
0	7	14	40	22	18	10	4	2	0	0	0	0	0	0	0	0	0	0
2	21	49	95	75	44	16	3	2	0	0	0	0	0	0	0	0	0	0
0	10	29	45	75	80	61	18	6	2	1	0	0	0	0	0	0	0	0
2	17	70	95	83	53	23	8	0	0	0	0	0	0	0	0	0	0	0
0	6	16	22	24	17	20	1	2	0	0	0	0	0	0	0	0	0	0
1	7	21	44	45	35	14	6	1	0	0	0	0	0	0	0	0	0	0
4	34	60	74	68	75	51	6	5	0	0	0	0	0	0	0	0	0	0
2	14	17	39	37	27	8	2	0	0	0	0	0	0	0	0	0	0	0
0	2	10	39	49	58	42	24	11	2	0	0	0	0	0	0	0	0	0
0	26	61	62	71	59	27	6	3	0	0	0	0	0	0	0	0	0	0
0	19	30	73	54	33	14	1	0	0	0	0	0	0	0	0	0	0	0
2	8	14	32	30	62	39	25	7	2	0	0	0	0	0	0	0	0	0
1	6	14	32	29	33	17	12	5	1	0	1	0	0	0	0	0	0	0
2	33	58	91	76	60	22	7	2	0	0	0	0	0	0	0	0	0	0
12	263	655	1344	1455	1152	574	211	61	18	3	0	0	0	0	0	0	0	0
1	14	40	62	65	76	54	22	6	0	0	0	0	0	0	0	0	0	0
2	9	8	18	17	7	3	4	0	0	0	0	0	0	0	0	0	0	0
2	10	15	38	54	64	51	15	4	2	0	0	0	0	0	0	0	0	0
0	10	36	75	109	111	50	29	8	2	1	0	0	0	0	0	0	0	0
1	7	24	57	73	88	75	21	12	4	1	0	0	0	0	0	0	0	0
0	4	23	68	72	82	74	43	15	9	2	1	0	0	0	0	0	0	0
1	30	73	116	101	85	64	34	26	20	3	4	0	0	0	0	0	0	0
1	18	49	71	69	47	24	12	3	0	0	0	0	0	0	0	0	0	0
2	36	83	134	148	94	27	8	2	0	0	0	0	0	0	0	0	0	0
0	10	49	69	53	44	23	12	3	0	0	0	0	0	0	0	0	0	0
2	12	30	42	60	40	24	4	2	0	0	0	0	0	0	0	0	0	0
0	11	26	62	81	103	71	31	5	3	1	0	0	0	0	0	0	0	0
0	27	66	102	100	100	35	9	1	0	0	0	0	0	0	0	0	0	0
1	11	16	28	35	49	41	17	7	3	0	0	0	0	0	0	0	0	0
0	19	49	64	54	32	14	7	1	0	0	0	0	0	0	0	0	0	0
0	8	23	41	53	54	37	24	13	1	0	0	0	0	0	0	0	0	0
2	7	19	39	26	15	11	4	0	0	0	0	0	0	0	0	0	0	0
2	25	59	56	73	51	14	6	4	0	0	0	0	0	0	0	0	0	0
1	9	19	31	43	25	26	8	3	0	0	0	0	0	0	0	0	0	0
2	32	50	65	89	76	32	8	1	0	0	0	0	0	0	0	0	0	0
0	10	14	38	44	36	15	8	3	0	0	0	0	0	0	0	0	0	0
1	7	21	67	72	90	64	23	8	2	0	0	0	0	0	0	0	0	0
1	17	47	84	90	90	39	12	3	1	0	0	0	0	0	0	0	0	0
0	36	97	133	110	99	41	16	6	2	0	0	0	0	0	0	0	0	0
1	18	55	62	70	45	16	7	0	0	0	0	0	0	0	0	0	0	0
0	21	57	183	226	220	182	88	35	9	0	0	0	0	0	0	0	0	0
2	21	34	60	63	61	22	9	3	0	0	0	0	0	0	0	0	0	0
1	31	67	105	130	96	34	10	6	1	0	0	0	0	0	0	0	0	0
1	19	51	80	61	47	23	7	2	0	0	0	0	0	0	0	0	0	0
1	17	23	22	22	4	6	0	0	0	0	0	0	0	0	0	0	0	0
0	5	19	55	60	105	69	51	12	5	2	0	0	0	0	0	0	0	0
0	4	15	40	49	107	105	52	33	8	2	1	0	0	0	0	0	0	0
2	26	56	111	141	126	77	20	2	0	0	0	0	0	0	0	0	0	0
1	37	106	120	133	104	40	29	4	0	0	0	0	0	0	0	0	0	0
1	28	87	110	104	99	33	18	3	0	0	0	0	0	0	0	0	0	0
0	6	26	28	26	32	8	4	2	0	0	0	0	0	0	0	0	0	0
0	11	26	50	75	102	78	31	18	2	1	0	0	0	0	0	0	0	0
2	25	59	78	78	61	23	8	0	0	0	0	0	0	0	0	0	0	0
3	21	62	54	68	41	12	4	3	0	0	0	0	0	0	0	0	0	0
0	24	70	84	104	107	51	10	3	2	0	0	0	0	0	0	0	0	0
0	17	32	59	79	104	65	25	8	3	0	0	0	0	0	0	0	0	0
2	9	18	37	46	46	29	15	3	2	0	0	0	0	0	0	0	0	0
1	15	21	34	48	48	38	26	4	8	0	0	0	0	0	0	0	0	0
0	2	24	47	67	104	70	31	11	6	0	1	0	0	0	0	0	0	0
5	19	33	60	50	50	19	4	1	0	0	0	0	0	0	0	0	0	0
2	11	20	36	45	81	38	16	1	2	0	0	0	0	0	0	0	0	0
1	12	21	47	38	24	10	5	0	0	0	0	0	0	0	0	0	0	0
1	12	26	57	62	84	41	25	8	6	0	0	0	0	0	0	0	0	0
1	25	45	90	55	44	20	7	1	0	0	0	0	0	0	0	0	0	0
0	9	19	51	69	72	48	22	1	0	1	0	0	0	0	0	0	0	0
1	17	37	77	77	38	23	6	2	0	0	0	0	0	0	0	0	0	0
1	17	59	86	92	82	27	13	5	1	0	0	0	0	0	0	0	0	0
1	43	58	81	95	76	35	11	9	1	0	0	0	0	0	0	0	0	0
0	8	11	48	74	98	94	48	22	7	1	0	0	0	0	0	0	0	0
0	2	16	29	25	30	16	5	1	0	0	0	0	0	0	0	0	0	0
0	7	22	39	57	65	38	26	10	4	1	0	0	0	0	0	0	0	0
0	11	45	81	104	100	68	18	6	2	1	0	0	0	0	0	0	0	0
1	16	22	47	63	46	13	3	1	0	0	0	0	0	0	0	0	0	0
0	7	5	35	38	73	36	19	1	0	0	0	0	0	0	0	0	0	0
3	11	27	61	89	104	93	46	11	0	1	0	0	0	0	0	0	0	0
1	0	7	9	14	49	76	79	77	68	47	35	28	10	7	2	0	0	1
1	3	11	23	58	66	58	14	7	3	1	0	0	0	0	0	0	0	0
1	10	33	87	88	113	95	40	12	6	5	0	0	0	0	0	0	0	0
1	11	22	58	104	111	81	35	18	6	2	0	0	0	0	0	0	0	0
4	16	38	50	47	61	31	11	4	0	0	0	0	0	0	0	0	0	0
10	69	130	188	234	145	51	11	1	2	0	0	0	0	0	0	0	0	0
2	9	20	33	46	64	48	30	12	4	2	0	0	0	0	0	0	0	0
2	30	61	122	109	74	36	10	2	1	0	0	0	0	0	0	0	0	0
0	14	32	70	94	143	89	30	14	3	3	0	0	0	0	0	0	0	0
3	48	87	147	154	126	54	18	2	1	0	0	0	0	0	0	0	0	0
1	0	4	21	33	46	29	14	2	1	1	0	0	0	0	0	0	0	0
2	13	29	36	40	25	12	3	1	1	0	0	0	0	0	0	0	0	0
1	13	42	77	89	74	46	22	16	5	0	0	0	0	0	0	0	0	0
1	44	83	107	114	87	44	6	0	1	0	0	0	0	0	0	0	0	0
1	20	75	83	90	75	34	12	4	0	0	0	0	0	0	0	0	0	0
1	25	63	109	119	105	55	23	6	2	0	0	0	0	0	0	0	0	0
2	6	13	37	55	76	69	58	37	26	11	4	1	0	0	0	0	0	0
1	44	100	178	144	82	42	9	1	0	0	0	0	0	0	0	0	0	0
0	8	19	65	81	117	71	29	9	2	0	0	0	0	0	0	0	0	0
0	12	44	60	58	42	16	12	6	0	0	0	0	0	0	0	0	0	0
1	19	63	115	126	85	41	18	1	0	0	0	0	0	0	0	0	0	0
0	12	30	60	45	77	47	18	6	0	0	0	0	0	0	0	0	0	0
0	11	35	60	97	121	79	44	14	3	3	1	0	0	0	0	0	0	0
0	2	5	21	24	32	15	13	5	1	1	1	0	0	0	0	0	0	0
1	38	70	95	108	76	24	9	3	1	0	0	0	0	0	0	0	0	0
2	15	49	78	89	46	24	7	2	0	0	0	0	0	0	0	0	0	0
2	3	8	26	43	21	17	7	0	1	0	0	0	0	0	0	0	0	0
1	5	21	34	41	48	26	10	3	1	0	0	0	0	0	0	0	0	0
1	26	63	79	98	77	32	8	2	0	0	0	0	0	0	0	0	0	0
0	13	40	77	116	167	118	84	63	43	31	20	14	5	9	2	1	0	0
2	34	84	97	96	76	37	15	3	0	0	0	0	0	0	0	0	0	0
7	20	43	93	116	97	60	28	12	0	0	0	0	0	0	0	0	0	0
0	10	21	52	64	76	40	24	13	2	0	0	0	0	0	0	0	0	0
2	35	53	87	89	41	21	2	1	0	0	0	0	0	0	0	0	0	0
1	15	49	82	90	71	28	9	0	0	0	0	0	0	0	0	0	0	0
1	25	33	50	60	54	27	16	3	2	0	0	0	0	0	0	0	0	0
0	9	49	105	100	92	44	11	3	2	0	0	0	0	0	0	0	0	0
0	11	44	98	142	132	81	58	18	6	1	1	0	0	0	0	0	0	0
1	15	32	49	58	39	18	5	3	0	0	0	0	0	0	0	0	0	0
1	19	47	81	90	63	39	13	4	0	1	0	0	0	0	0	0	0	0
2	33	65	123	124	103	33	16	4	1	0	0	0	0	0	0	0	0	0
2	5	13	33	63	72	54	36	10	5	0	0	0	0	0	0	0	0	0
1	32	49	75	105	73	27	10	0	0	0	0	0	0	0	0	0	0	0
5	30	50	102	108	90	44	8	1	0	0	0	0	0	0	0	0	0	0
0	21	37	59	44	26	7	2	2	0	0	0	0	0	0	0	0	0	0
1	18	62	99	106	81	42	16	1	0	0	1	0	0	0	0	0	0	0
1	15	40	93	143	145	73	36	9	0	0	0	0	0	0	0	0	0	0
0	7	19	40	62	83	73	36	19	4	1	0	0	0	0	0	0	0	0
1	18	26	60	56	34	25	8	1	2	1	0	0	0	0	0	0	0	0
2	15	46	61	74	64	30	12	2	0	0	0	0	0	0	0	0	0	0
0	18	47	56	93	57	30	7	0	0	0	0	0	0	0	0	0	0	0
0	46	111	148	152	98	61	14	7	1	1	0	0	0	0	0	0	0	0
0	11	32	60	77	79	48	26	12	0	1	1	0	0	0	0	0	0	0
2	36	55	85	107	87	26	6	0	0	0	0	0	0	0	0	0	0	0
1	7	26	63	92	128	83	54	6	4	0	0	0	0	0	0	0	0	0
2	16	43	100	160	168	105	49	15	3	3	0	0	0	0	0	0	0	0
1	8	23	43	31	18	8	2	1	0	0	0	0	0	0	0	0	0	0
0	26	68	101	131	88	60	17	7	1	0	0	0	0	0	0	0	0	0
0	18	49	102	91	91	48	30	12	8	0	0	0	0	0	0	0	0	0
1	6	11	36	47	35	28	12	3	1	0	0	0	0	0	0	0	0	0
1	10	32	49	49	55	13	4	1	0	0	0	0	0	0	0	0	0	0
7	27	45	83	79	50	18	2	1	0	0	0	0	0	0	0	0	0	0
1	15	36	47	51	22	10	6	2	0	0	0	0	0	0	0	0	0	0
2	24	77	100	126	80	44	7	7	2	0	0	0	0	0	0	0	0	0
9	85	166	246	270	220	80	18	9	0	0	0	0	0	0	0	0	0	0
2	10	35	72	58	58	19	3	0	0	0	0	0	0	0	0	0	0	0
0	12	20	43	58	73	40	22	2	2	0	0	0	0	0	0	0	0	0
0	23	32	56	47	33	16	5	1	0	0	0	0	0	0	0	0	0	0
0	17	41	31	33	32	13	7	1	0	0	0	0	0	0	0	0	0	0
0	6	12	35	54	45	35	13	4	3	1	0	0	0	0	0	0	0	0
0	26	51	98	85	84	47	18	3	2	0	0	0	0	0	0	0	0	0
1	22	45	109	106	72	30	7	2	0	0	0	0	0	0	0	0	0	0
1	6	17	29	30	21	10	2	0	0	0	0	0	0	0	0	0	0	0
3	12	46	96	106	89	50	15	1	1	0	0	0	0	0	0	0	0	0
1	12	37	48	74	47	26	8	4	0	0	0	0	0	0	0	0	0	0
1	19	26	52	27	31	6	2	0	0	0	0	0	0	0	0	0	0	0
0	13	28	61	88	100	86	42	17	6	0	0	1	0	0	0	0	0	0
1	16	49	66	70	57	19	12	3	1	0	0	0	0	0	0	0	0	0
0	22	56	90	95	55	32	9	1	0	0	0	0	0	0	0	0	0	0
1	15	26	24	25	31	4	4	0	1	0	0	0	0	0	0	0	0	0
1	6	14	42	68	103	62	25	9	3	0	0	0	0	0	0	0	0	0
1	20	40	90	79	73	27	13	3	2	0	0	0	0	0	0	0	0	0
1	27	56	90	87	102	28	10	2	0	0	0	0	0	0	0	0	0	0
1	8	25	52	52	108	77	12	5	1	0	0	0	0	0	0	0	0	0
3	36	36	77	54	52	24	4	1	0	0	0	0	0	0	0	0	0	0
1	22	47	52	58	42	20	5	0	0	0	0	0	0	0	0	0	0	0
1	11	23	23	15	14	5	5	0	0	0	0	0	0	0	0	0	0	0
1	13	19	36	22	29	10	6	0	0	0	0	0	0	0	0	0	0	0
0	13	38	97	94	84	34	10	6	2	0	0	0	0	0	0	0	0	0
0	8	4	26	28	35	29	14	3	3	0	0	0	0	0	0	0	0	0
0	5	34	49	79	86	55	26	15	1	1	0	0	0	0	0	0	0	0
1	9	28	37	25	33	12	5	2	3	0	0	0	0	0	0	0	0	0
0	13	16	30	21	25	15	3	0	0	0	0	0	0	0	0	0	0	0
0	9	23	43	60	50	16	9	1	1	0	0	0	0	0	0	0	0	0
1	15	47	72	112	64	33	10	3	0	0	0	0	0	0	0	0	0	0
0	12	24	43	60	85	127	82	49	31	5	6	1	0	0	0	0	0	0
0	5	21	28	38	45	20	11	3	0	0	0	0	0	0	0	0	0	0
2	28	46	66	89	85	30	15	5	0	0	0	0	0	0	0	0	0	0
1	12	40	44	50	37	27	12	1	0	1	0	0	0	0	0	0	0	0
1	18	36	59	60	56	21	8	0	0	0	0	0	0	0	0	0	0	0
0	11	60	103	110	95	40	7	4	1	0	0	0	0	0	0	0	0	0
0	24	50	120	134	96	71	35	6	2	1	0	0	0	0	0	0	0	0
0	32	69	94	98	63	21	8	2	0	0	0	0	0	0	0	0	0	0
3	36	59	95	56	55	13	5	1	0	0	0	0	0	0	0	0	0	0
0	31	55	94	83	84	33	11	3	1	0	0	0	0	0	0	0	0	0
1	6	31	61	80	105	71	34	10	3	1	1	0	0	0	0	0	0	0
1	27	50	78	63	45	22	5	2	0	0	0	0	0	0	0	0	0	0
0	29	57	83	108	75	36	10	1	0	0	0	0	0	0	0	0	0	0
1	19	43	75	61	43	26	8	1	0	0	0	0	0	0	0	0	0	0
0	12	18	13	11	4	3	0	0	0	0	0	0	0	0	0	0	0	0
0	26	62	77	86	47	32	15	4	3	0	0	0	0	0	0	0	0	0
0	4	14	15	22	16	6	8	0	1	0	0	0	0	0	0	0	0	0
1	24	61	99	84	50	26	6	2	0	0	0	0	0	0	0	0	0	0
1	3	11	29	42	63	33	23	11	1	0	0	0	0	0	0	0	0	0
1	24	38	94	93	109	99	38	11	1	0	0	0	0	0	0	0	0	0
1	33	38	59	55	38	8	4	0	0	0	0	0	0	0	0	0	0	0
0	55	145	219	175	157	71	17	12	6	1	0	0	0	0	0	0	0	0
0	8	17	51	52	73	39	18	8	4	2	0	0	0	0	0	0	0	0
2	11	58	89	91	81	53	32	11	7	1	0	0	0	0	0	0	0	0
1	43	80	115	99	68	33	10	1	0	0	0	0	0	0	0	0	0	0
2	11	21	35	35	36	15	4	3	0	0	0	0	0	0	0	0	0	0
0	20	59	144	157	167	114	51	12	3	0	0	0	0	0	0	0	0	0
1	61	116	177	160	110	60	16	5	4	0	0	0	0	0	0	0	0	0
0	10	22	46	60	78	33	9	1	1	0	0	0	0	0	0	0	0	0
0	39	82	163	159	225	145	54	23	12	1	0	0	0	0	0	0	0	0
4	31	87	148	172	115	51	12	2	1	0	0	0	0	0	0	0	0	0
1	36	93	131	114	92	40	17	5	2	1	0	0	0	0	0	0	0	0
0	20	41	51	40	27	15	5	0	1	0	0	0	0	0	0	0	0	0
0	23	43	72	69	76	54	20	12	1	0	0	0	0	0	0	0	0	0
0	17	23	62	95	118	99	58	24	14	3	1	0	0	0	0	0	0	0
0	3	15	26	27	67	28	19	9	2	1	0	0	0	0	0	0	0	0
0	25	38	73	47	56	18	12	1	0	0	0	0	0	0	0	0	0	0
1	10	21	46	52	45	25	9	1	0	0	0	0	0	0	0	0	0	0
2	30	75	149	162	147	93	38	10	4	0	0	0	0	0	0	0	0	0
4	21	36	64	66	48	21	2	1	1	0	0	0	0	0	0	0	0	0
0	12	31	68	70	138	63	29	8	2	0	0	0	0	0	0	0	0	0
1	7	34	57	78	78	42	23	7	3	0	1	0	0	0	0	0	0	0
1	11	16	36	29	35	19	7	3	3	0	0	0	0	0	0	0	0	0
2	31	63	90	120	132	91	47	20	7	2	0	0	0	0	0	0	0	0
1	19	50	59	106	65	36	9	3	0	0	0	0	0	0	0	0	0	0
2	20	31	28	12	7	2	0	1	0	0	0	0	0	0	0	0	0	0
1	7	14	45	65	84	45	24	7	2	0	1	0	0	0	0	0	0	0
2	23	45	114	84	84	27	7	2	0	0	0	0	0	0	0	0	0	0
1	2	16	34	30	17	15	9	0	0	0	0	0	0	0	0	0	0	0
0	10	30	42	44	37	25	6	2	0	1	0	0	0	0	0	0	0	0
0	6	19	48	66	62	35	10	0	0	0	0	0	0	0	0	0	0	0
1	59	135	197	184	160	74	20	8	1	0	0	0	0	0	0	0	0	0
1	8	21	31	37	34	23	9	0	0	0	0	0	0	0	0	0	0	0
2	14	23	65	51	38	19	7	1	0	0	0	0	0	0	0	0	0	0
0	5	15	14	39	25	16	4	0	0	0	0	0	0	0	0	0	0	0
1	4	13	31	34	38	19	12	3	0	0	0	0	0	0	0	0	0	0
0	31	63	100	75	74	36	16	2	2	0	0	0	0	0	0	0	0	0
1	10	9	15	15	9	5	1	0	0	0	0	0	0	0	0	0	0	0
2	15	23	28	26	18	7	2	0	0	0	0	0	0	0	0	0	0	0
1	34	81	170	231	184	102	45	17	2	2	0	0	0	0	0	0	0	0
0	5	12	23	43	72	50	29	14	8	1	0	0	0	0	0	0	0	0
1	18	54	78	88	53	25	6	6	1	0	0	0	0	0	0	0	0	0
1	30	56	85	90	59	21	11	0	0	0	0	0	0	0	0	0	0	0
2	24	30	57	52	41	17	1	1	0	0	0	0	0	0	0	0	0	0
0	2	8	34	29	43	23	7	4	0	0	0	0	0	0	0	0	0	0
1	10	24	25	45	70	35	3	5	1	0	0	0	0	0	0	0	0	0
0	13	19	64	101	126	84	31	14	5	2	0	0	0	0	0	0	0	0
0	7	21	41	54	66	43	27	9	6	1	0	0	0	0	0	0	0	0
2	10	36	40	49	29	17	5	0	0	0	0	0	0	0	0	0	0	0
2	16	40	73	106	109	83	20	5	3	0	0	0	0	0	0	0	0	0
0	1	12	19	45	93	108	81	74	38	27	16	5	2	1	0	0	0	0
0	23	41	60	71	95	60	32	7	1	1	0	0	0	0	0	0	0	0
0	6	20	45	60	70	48	14	8	0	0	0	0	0	0	0	0	0	0
1	9	20	56	49	47	33	14	3	0	0	0	0	0	0	0	0	0	0
1	24	35	78	89	89	38	11	1	0	0	0	0	0	0	0	0	0	0
1	11	29	50	67	89	54	25	3	3	0	0	0	0	0	0	0	0	0
0	0	6	13	22	47	22	5	5	1	1	0	0	0	0	0	0	0	0
2	10	28	75	96	117	70	33	11	2	1	0	0	0	0	0	0	0	0
1	9	61	112	115	148	89	62	17	8	1	0	0	0	0	0	0	0	0
2	17	50	64	68	42	28	5	2	0	0	0	0	0	0	0	0	0	0
0	29	58	63	77	65	28	10	3	3	0	0	0	0	0	0	0	0	0
1	17	41	68	87	61	32	7	3	0	0	0	0	0	0	0	0	0	0
0	16	29	41	66	61	39	9	2	1	0	0	0	0	0	0	0	0	0
1	12	34	53	66	66	56	34	13	3	0	0	0	0	0	0	0	0	0
2	15	48	99	107	123	82	28	15	3	0	0	0	0	0	0	0	0	0
4	26	36	76	71	50	22	5	1	0	0	0	0	0	0	0	0	0	0
0	15	33	54	71	24	14	4	0	0	0	0	0	0	0	0	0	0	0
0	45	69	95	108	81	28	4	1	1	0	0	0	0	0	0	0	0	0
1	14	19	21	27	15	7	0	0	0	0	0	0	0	0	0	0	0	0
1	16	43	58	63	51	18	6	1	0	0	0	0	0	0	0	0	0	0
0	6	35	62	76	82	58	29	20	5	1	0	0	0	0	0	0	0	0
1	46	116	188	159	114	43	14	3	0	0	0	0	0	0	0	0	0	0
0	23	55	79	82	50	26	4	0	0	1	0	0	0	0	0	0	0	0
0	9	16	42	40	39	13	5	1	0	0	0	0	0	0	0	0	0	0
1	14	50	68	81	55	9	5	1	0	0	0	0	0	0	0	0	0	0
0	24	44	78	68	50	27	2	3	0	0	0	0	0	0	0	0	0	0
1	23	65	94	92	69	29	5	1	0	0	0	0	0	0	0	0	0	0
3	25	29	29	48	43	19	4	1	0	0	0	0	0	0	0	0	0	0
4	32	41	77	62	54	18	2	1	0	0	0	0	0	0	0	0	0	0
1	11	37	62	69	60	21	8	2	0	0	0	0	0	0	0	0	0	0
0	1	5	11	15	17	7	2	1	0	0	0	0	0	0	0	0	0	0
1	16	22	57	43	43	16	8	2	2	0	0	0	0	0	0	0	0	0
0	13	43	57	62	46	27	8	0	0	0	0	0	0	0	0	0	0	0
0	20	54	95	123	88	38	15	3	0	0	0	0	0	0	0	0	0	0
1	5	18	42	33	65	37	6	0	0	1	0	0	0	0	0	0	0	0
0	10	28	72	78	105	61	33	10	3	1	0	0	0	0	0	0	0	0
1	46	103	153	168	173	82	17	10	0	0	0	0	0	0	0	0	0	0
1	15	46	69	69	67	28	8	2	0	0	0	0	0	0	0	0	0	0
1	48	98	119	117	67	37	8	2	0	1	0	0	0	0	0	0	0	0
1	8	24	36	63	139	151	120	91	55	24	6	3	3	1	0	0	0	0
0	10	10	35	35	28	9	3	0	0	0	0	0	0	0	0	0	0	0
1	14	32	42	51	24	9	4	1	0	0	0	0	0	0	0	0	0	0
0	18	29	47	41	34	11	2	3	0	0	0	0	0	0	0	0	0	0
1	4	23	26	35	44	22	8	4	0	1	0	0	0	0	0	0	0	0
1	18	39	67	80	69	27	13	3	1	0	0	0	0	0	0	0	0	0
0	0	2	0	5	20	17	6	0	0	0	0	0	0	0	0	0	0	0
0	3	8	21	20	26	6	3	0	0	0	0	0	0	0	0	0	0	0
1	4	20	29	41	26	9	2	1	0	0	0	0	0	0	0	0	0	0
2	7	2	4	8	8	0	0	0	0	0	0	0	0	0	0	0	0	0
1	3	18	31	34	27	20	10	3	0	0	0	0	0	0	0	0	0	0
0	5	16	25	52	57	33	8	5	2	0	0	0	0	0	0	0	0	0
0	22	35	43	51	37	17	2	0	0	1	0	0	0	0	0	0	0	0
1	11	37	61	66	87	22	7	2	0	0	0	0	0	0	0	0	0	0
2	2	8	17	15	22	12	6	1	1	0	0	0	0	0	0	0	0	0
0	4	9	24	43	52	34	27	18	4	0	0	0	0	0	0	0	0	0
0	4	12	26	27	17	12	4	1	1	0	0	0	0	0	0	0	0	0
1	13	11	45	46	41	38	7	4	0	0	0	0	0	0	0	0	0	0
0	10	16	27	28	18	12	6	0	0	0	0	0	0	0	0	0	0	0
1	4	12	11	14	15	6	6	1	1	0	0	0	0	0	0	0	0	0
1	7	25	26	28	25	10	3	0	0	0	0	0	0	0	0	0	0	0
1	15	31	35	26	17	9	1	1	0	0	0	0	0	0	0	0	0	0
0	17	40	73	93	155	128	47	15	8	2	0	0	0	0	0	0	0	0
0	13	26	29	17	12	1	0	0	0	0	0	0	0	0	0	0	0	0
0	26	50	58	42	27	6	2	0	0	0	0	0	0	0	0	0	0	0
0	7	12	30	25	24	5	3	0	0	0	0	0	0	0	0	0	0	0
0	5	8	26	21	24	11	2	2	0	0	0	0	0	0	0	0	0	0
1	2	13	22	21	27	22	10	3	2	0	0	0	0	0	0	0	0	0
1	16	19	41	33	17	7	1	0	0	0	0	0	0	0	0	0	0	0
0	3	16	30	28	30	22	5	2	1	0	0	0	0	0	0	0	0	0
1	0	14	16	21	24	12	5	2	0	0	0	0	0	0	0	0	0	0
1	29	79	102	85	58	36	6	1	0	0	0	0	0	0	0	0	0	0
1	2	2	3	12	14	3	0	0	0	0	0	0	0	0	0	0	0	0
1	14	34	59	44	19	7	0	0	0	0	0	0	0	0	0	0	0	0
0	3	10	13	11	14	3	6	0	0	0	0	0	0	0	0	0	0	0
0	6	23	65	67	41	30	15	4	0	0	0	0	0	0	0	0	0	0
0	6	3	8	20	57	40	28	8	3	1	0	0	0	0	0	0	0	0
2	4	13	16	12	7	5	1	0	0	0	0	0	0	0	0	0	0	0
1	12	16	24	28	20	12	2	1	0	0	0	0	0	0	0	0	0	0
1	5	13	22	23	15	4	3	1	1	0	0	0	0	0	0	0	0	0
1	74	151	146	156	117	34	5	0	0	0	0	0	0	0	0	0	0	0
0	0	2	5	16	22	0	0	0	0	0	0	0	0	0	0	0	0	0
2	4	23	31	38	18	8	5	1	0	0	0	0	0	0	0	0	0	0
2	3	11	24	24	26	27	6	0	0	0	0	0	0	0	0	0	0	0
1	7	25	23	28	22	4	0	0	0	0	0	0	0	0	0	0	0	0
0	3	4	7	5	6	3	1	0	1	0	0	0	0	0	0	0	0	0
2	16	11	31	32	38	14	2	1	0	0	0	0	0	0	0	0	0	0
1	47	103	160	166	103	68	26	10	1	0	0	0	0	0	0	0	0	0
1	12	23	28	36	19	10	3	2	0	0	0	0	0	0	0	0	0	0
1	26	81	140	132	101	48	24	6	1	0	0	0	0	0	0	0	0	0
2	18	48	81	92	81	40	11	4	1	0	1	0	0	0	0	0	0	0
1	13	28	44	51	47	20	2	0	0	0	0	0	0	0	0	0	0	0
2	8	12	32	32	41	18	4	0	0	0	0	0	0	0	0	0	0	0
2	16	33	58	37	18	4	1	2	0	0	0	0	0	0	0	0	0	0
1	13	46	92	98	75	35	9	2	1	0	0	0	0	0	0	0	0	0
1	4	13	26	39	23	16	1	1	0	0	0	0	0	0	0	0	0	0
1	6	16	30	36	24	5	1	0	0	0	0	0	0	0	0	0	0	0
0	5	17	34	47	38	18	5	0	0	0	0	0	0	0	0	0	0	0
4	34	63	124	146	106	51	16	2	0	0	0	0	0	0	0	0	0	0
1	10	21	49	49	46	23	2	4	0	0	0	0	0	0	0	0	0	0
3	15	31	60	44	34	8	0	0	0	0	0	0	0	0	0	0	0	0
2	3	15	27	42	33	16	4	1	1	0	0	0	0	0	0	0	0	0
0	5	9	17	14	18	5	3	0	0	0	0	0	0	0	0	0	0	0
2	14	18	27	32	29	13	7	1	1	0	0	0	0	0	0	0	0	0
2	2	22	29	28	46	31	10	3	2	2	0	0	0	0	0	0	0	0
1	4	12	16	23	22	10	2	0	0	0	0	0	0	0	0	0	0	0
0	3	14	25	32	26	10	2	2	0	0	0	0	0	0	0	0	0	0
2	18	21	39	34	46	32	8	6	1	1	0	0	0	0	0	0	0	0
1	4	11	28	31	28	15	3	0	1	0	0	0	0	0	0	0	0	0
9	57	92	123	99	79	34	15	0	0	0	0	0	0	0	0	0	0	0
0	7	14	14	15	12	3	0	0	0	0	0	0	0	0	0	0	0	0
1	3	12	29	24	20	5	4	0	0	0	0	0	0	0	0	0	0	0
6	28	91	132	155	113	38	9	2	2	0	0	0	0	0	0	0	0	0
0	7	15	29	45	48	34	8	2	0	0	0	0	0	0	0	0	0	0
1	4	4	25	27	27	20	7	0	0	0	0	0	0	0	0	0	0	0
2	9	11	14	18	15	7	0	0	0	0	0	0	0	0	0	0	0	0
1	4	5	23	27	17	10	6	7	0	0	0	0	0	0	0	0	0	0
0	21	38	49	64	68	22	1	0	0	0	0	0	0	0	0	0	0	0
1	11	37	42	40	36	16	3	0	0	0	0	0	0	0	0	0	0	0
1	2	2	3	6	9	17	26	19	16	13	6	2	1	0	0	0	0	0
1	13	11	40	50	61	31	12	7	1	0	0	0	0	0	0	0	0	0
0	3	9	21	12	17	6	3	1	0	0	0	0	0	0	0	0	0	0
1	32	38	70	67	53	21	9	3	1	0	0	0	0	0	0	0	0	0
4	31	52	65	59	41	9	1	0	0	0	0	0	0	0	0	0	0	0
6	28	35	66	54	32	13	3	0	0	0	0	0	0	0	0	0	0	0
1	0	3	7	14	20	15	11	3	0	0	0	0	0	0	0	0	0	0
0	11	33	45	58	44	25	3	2	0	0	0	0	0	0	0	0	0	0
1	3	13	29	42	35	31	27	19	7	6	0	0	0	0	0	0	0	0
1	7	10	36	26	41	16	12	1	1	0	0	0	0	0	0	0	0	0
1	5	20	27	36	33	8	1	1	0	0	0	0	0	0	0	0	0	0
1	7	14	28	38	35	23	7	0	0	0	0	0	0	0	0	0	0	0
1	8	25	42	47	26	6	4	3	0	0	0	0	0	0	0	0	0	0
3	9	31	51	64	75	38	9	4	3	0	0	0	0	0	0	0	0	0
1	4	8	21	11	6	2	0	0	0	0	0	0	0	0	0	0	0	0
0	10	46	82	78	65	23	12	5	0	0	0	0	0	0	0	0	0	0
2	10	18	26	40	36	12	1	2	0	0	0	0	0	0	0	0	0	0
1	2	11	11	19	43	31	9	0	1	0	0	0	0	0	0	0	0	0
0	11	26	45	44	34	3	2	1	0	0	0	0	0	0	0	0	0	0
1	3	10	17	20	7	3	0	0	0	0	0	0	0	0	0	0	0	0
0	13	40	77	84	64	37	14	4	2	1	0	0	0	0	0	0	0	0
1	4	17	32	38	38	19	4	1	0	0	0	0	0	0	0	0	0	0
1	12	27	36	52	39	20	1	4	0	0	0	0	0	0	0	0	0	0
0	5	16	41	59	57	25	12	2	0	0	0	0	0	0	0	0	0	0
0	18	53	75	74	63	29	15	2	0	0	0	0	0	0	0	0	0	0
4	20	57	86	98	68	22	11	1	0	0	0	0	0	0	0	0	0	0
0	15	54	81	80	82	36	18	4	1	0	0	0	0	0	0	0	0	0
1	0	2	12	16	42	19	11	7	1	1	1	0	0	0	0	0	0	0
0	5	18	29	39	26	5	3	0	0	0	0	0	0	0	0	0	0	0
0	14	33	39	35	27	7	4	3	0	0	0	0	0	0	0	0	0	0
0	7	17	20	34	27	22	5	7	1	0	0	0	0	0	0	0	0	0
1	23	33	50	61	46	17	5	2	0	0	0	0	0	0	0	0	0	0
0	2	8	23	39	52	13	2	0	0	0	0	0	0	0	0	0	0	0
0	7	25	30	26	40	22	10	8	7	3	3	0	0	0	0	0	0	0
1	8	15	45	42	22	12	1	0	0	0	0	0	0	0	0	0	0	0
1	19	44	88	68	46	23	1	2	0	0	0	0	0	0	0	0	0	0
5	41	102	162	141	90	47	9	3	0	0	0	0	0	0	0	0	0	0
1	9	14	31	24	14	3	1	0	0	0	0	0	0	0	0	0	0	0
2	9	19	38	29	12	3	1	1	0	0	0	0	0	0	0	0	0	0
1	53	105	177	168	157	64	16	2	0	0	0	0	0	0	0	0	0	0
2	18	26	45	51	28	9	3	0	1	0	0	0	0	0	0	0	0	0
0	8	10	22	23	19	5	1	0	0	0	0	0	0	0	0	0	0	0
1	6	9	10	13	12	1	1	0	0	0	0	0	0	0	0	0	0	0
0	15	50	86	104	62	37	14	1	1	0	0	0	0	0	0	0	0	0
0	17	45	56	61	41	19	4	3	0	0	0	0	0	0	0	0	0	0
0	5	12	37	43	33	10	2	3	1	0	0	0	0	0	0	0	0	0
1	10	18	20	37	25	8	0	0	0	0	0	0	0	0	0	0	0	0
2	6	16	25	23	11	10	6	3	0	0	0	0	0	0	0	0	0	0
1	15	42	93	70	51	18	5	1	0	0	0	0	0	0	0	0	0	0
1	8	42	50	60	41	19	4	2	1	0	0	0	0	0	0	0	0	0
1	1	1	7	16	26	6	1	0	0	0	0	0	0	0	0	0	0	0
1	14	19	37	19	11	6	0	1	0	0	0	0	0	0	0	0	0	0
0	13	16	25	27	6	11	1	0	0	0	0	0	0	0	0	0	0	0
1	2	12	18	12	11	7	0	0	1	0	0	0	0	0	0	0	0	0
3	49	95	150	136	87	42	8	2	1	0	0	0	0	0	0	0	0	0
0	4	10	31	43	38	38	15	3	1	0	0	0	0	0	0	0	0	0
0	3	10	19	14	8	2	0	0	0	0	0	0	0	0	0	0	0	0
0	6	7	13	33	63	34	11	5	1	1	0	0	0	0	0	0	0	0
0	27	40	68	71	45	25	10	0	0	0	0	0	0	0	0	0	0	0
1	5	6	16	18	18	5	3	0	0	0	0	0	0	0	0	0	0	0
1	34	104	179	209	120	52	6	2	0	0	0	0	0	0	0	0	0	0
1	24	40	54	39	26	6	3	2	0	0	0	0	0	0	0	0	0	0
0	10	19	26	51	32	8	2	0	0	0	0	0	0	0	0	0	0	0
4	6	13	29	38	39	7	1	0	0	0	0	0	0	0	0	0	0	0
2	11	33	50	63	55	14	2	0	0	0	0	0	0	0	0	0	0	0
1	5	10	10	15	10	6	1	0	0	0	0	0	0	0	0	0	0	0
0	8	11	22	8	10	1	1	0	0	0	0	0	0	0	0	0	0	0
4	28	83	124	134	94	62	21	7	1	0	0	0	0	0	0	0	0	0
0	19	42	71	55	29	7	3	0	0	0	0	0	0	0	0	0	0	0
2	8	18	35	33	17	7	1	0	1	0	0	0	0	0	0	0	0	0
1	29	45	70	47	41	11	1	2	0	0	0	0	0	0	0	0	0	0
0	9	24	21	19	43	9	3	0	1	0	0	0	0	0	0	0	0	0
0	1	5	3	11	13	0	0	0	0	0	0	0	0	0	0	0	0	0
2	14	20	36	45	34	9	1	0	0	0	0	0	0	0	0	0	0	0
1	0	3	9	15	22	3	3	0	0	0	0	0	0	0	0	0	0	0
1	10	40	46	65	68	34	16	4	3	0	1	0	0	0	0	0	0	0
3	97	207	242	183	112	35	10	0	2	0	0	0	0	0	0	0	0	0
1	11	24	29	23	7	5	3	1	0	0	0	0	0	0	0	0	0	0
0	6	7	18	20	10	3	3	0	0	0	0	0	0	0	0	0	0	0
1	15	35	61	60	50	18	8	4	0	0	0	0	0	0	0	0	0	0
2	12	23	26	19	3	2	0	0	0	0	0	0	0	0	0	0	0	0
1	10	10	20	13	5	4	1	0	0	0	0	0	0	0	0	0	0	0
0	1	0	5	6	16	16	6	2	1	0	0	0	0	0	0	0	0	0
2	5	14	40	38	58	19	5	1	1	0	0	0	0	0	0	0	0	0
1	12	15	19	10	2	2	1	0	0	0	0	0	0	0	0	0	0	0
0	3	4	7	11	7	6	1	1	0	0	0	0	0	0	0	0	0	0
0	3	16	23	44	38	18	2	2	0	0	0	0	0	0	0	0	0	0
0	11	29	36	42	41	11	3	0	0	0	0	0	0	0	0	0	0	0
1	13	20	27	29	9	4	3	0	0	0	0	0	0	0	0	0	0	0
0	1	16	16	8	10	4	0	0	0	0	0	0	0	0	0	0	0	0
2	26	36	69	63	34	14	9	1	0	0	0	0	0	0	0	0	0	0
2	14	23	36	26	18	6	4	1	0	0	0	0	0	0	0	0	0	0
1	13	17	37	54	99	32	10	4	0	0	0	0	0	0	0	0	0	0
1	2	8	17	18	14	6	1	3	1	0	0	0	0	0	0	0	0	0
2	5	24	30	29	20	3	1	0	0	0	0	0	0	0	0	0	0	0
2	4	24	32	27	20	3	1	0	0	0	0	0	0	0	0	0	0	0
2	12	22	20	24	38	6	5	0	0	0	0	0	0	0	0	0	0	0
0	4	8	12	5	5	8	2	1	0	0	0	0	0	0	0	0	0	0
0	7	29	38	44	59	36	10	6	2	1	0	0	0	0	0	0	0	0
1	4	14	26	34	29	11	5	2	1	0	0	0	0	0	0	0	0	0
0	7	21	43	49	44	22	6	2	0	0	0	0	0	0	0	0	0	0
1	3	7	24	16	29	10	2	0	0	0	0	0	0	0	0	0	0	0
1	15	22	25	20	12	6	1	1	0	0	0	0	0	0	0	0	0	0
1	15	28	27	19	11	3	2	1	0	0	0	0	0	0	0	0	0	0
0	1	4	8	15	21	17	6	0	0	0	1	0	0	0	0	0	0	0
0	17	45	76	66	60	30	6	5	0	0	0	0	0	0	0	0	0	0
2	19	40	86	95	63	14	3	1	0	0	0	0	0	0	0	0	0	0
0	11	31	41	62	61	26	2	3	0	0	0	0	0	0	0	0	0	0
1	17	42	63	88	63	22	4	1	0	0	0	0	0	0	0	0	0	0
1	4	8	16	23	29	10	5	0	0	0	0	0	0	0	0	0	0	0
0	15	19	28	30	23	8	1	1	0	0	0	0	0	0	0	0	0	0
1	13	29	29	22	13	8	0	0	0	0	0	0	0	0	0	0	0	0
6	23	23	33	25	11	8	0	0	0	0	0	0	0	0	0	0	0	0
1	7	14	31	27	17	8	3	0	0	0	0	0	0	0	0	0	0	0
2	28	45	70	112	63	23	7	0	0	0	0	0	0	0	0	0	0	0
3	9	55	64	66	25	4	1	0	0	0	0	0	0	0	0	0	0	0
2	11	6	15	8	9	4	1	0	0	0	0	0	0	0	0	0	0	0
1	18	43	55	82	62	21	14	7	2	0	0	0	0	0	0	0	0	0
2	8	8	19	14	9	6	0	0	0	0	0	0	0	0	0	0	0	0
0	5	21	32	24	8	6	1	1	0	0	0	0	0	0	0	0	0	0
1	9	9	15	13	10	1	0	0	0	0	0	0	0	0	0	0	0	0
0	5	15	14	13	1	2	2	0	0	0	0	0	0	0	0	0	0	0